0.000000
13.572188 6.270728 0.000000 0.000000
13.232074 17.875188 0.000000 0.000000
5.623079 9.290595 0.000000 0.000000
18.173967 8.762017 0.000000 0.000000
7.788621 3.710492 0.000000 0.000000
4.339208 16.357749 0.000000 0.000000
11.707428 14.907423 0.000000 0.000000
0.859967 7.228623 0.000000 0.000000
8.395654 19.239397 0.000000 0.000000
9.621258 5.937886 0.000000 0.000000
16.244145 12.662247 0.000000 0.000000
7.272475 8.724725 0.000000 0.000000
9.467081 9.395550 0.000000 0.000000
3.198479 16.507173 0.000000 0.000000
5.718437 4.067538 0.000000 0.000000
17.141587 9.738126 0.000000 0.000000
12.592920 13.900190 0.000000 0.000000
11.398106 7.482021 0.000000 0.000000
7.551554 13.843922 0.000000 0.000000
12.492842 9.286817 0.000000 0.000000
10.779099 12.637592 0.000000 0.000000
9.947788 0.767300 0.000000 0.000000
9.684344 13.029404 0.000000 0.000000
18.590518 7.748036 0.000000 0.000000
15.274412 17.684318 0.000000 0.000000
19.284610 1.751439 0.000000 0.000000
5.688474 17.781906 0.000000 0.000000
8.659329 6.727377 0.000000 0.000000
8.882143 2.122282 0.000000 0.000000
3.583315 15.953681 0.000000 0.000000
2.049595 0.762131 0.000000 0.000000
5.751320 19.119478 0.000000 0.000000
6.959099 0.531023 0.000000 0.000000
10.418955 16.532659 0.000000 0.000000
13.671738 11.099734 0.000000 0.000000
11.728844 17.718336 0.000000 0.000000
7.710046 17.871663 0.000000 0.000000
8.002982 11.433190 0.000000 0.000000
12.227878 9.769560 0.000000 0.000000
14.645000 16.936056 0.000000 0.000000
15.036644 14.412960 0.000000 0.000000
15.373106 7.582527 0.000000 0.000000
13.841000 3.376550 0.000000 0.000000
14.394462 15.747697 0.000000 0.000000
16.827237 19.452538 0.000000 0.000000
12.228529 10.837439 0.000000 0.000000
10.675298 10.956889 0.000000 0.000000
14.296897 7.809749 0.000000 0.000000
2.240997 2.259726 0.000000 0.000000
17.765632 8.415337 0.000000 0.000000
6.813725 8.503266 0.000000 0.000000
12.010234 3.477956 0.000000 0.000000
11.419464 10.337547 0.000000 0.000000
13.439158 16.845718 0.000000 0.000000
5.904382 7.455906 0.000000 0.000000
11.402808 2.635725 0.000000 0.000000
10.959482 11.497409 0.000000 0.000000
11.872706 16.200921 0.000000 0.000000
7.521756 12.851968 0.000000 0.000000
2.142933 18.055332 0.000000 0.000000
19.745656 11.745039 0.000000 0.000000
10.340732 1.709795 0.000000 0.000000
3.676009 9.947961 0.000000 0.000000
12.979905 7.247894 0.000000 0.000000
15.210728 10.501964 0.000000 0.000000
14.151850 10.921933 0.000000 0.000000
6.857777 1.043752 0.000000 0.000000
12.718216 11.282943 0.000000 0.000000
10.688262 5.395923 0.000000 0.000000
9.114628 5.468598 0.000000 0.000000
3.382197 5.329893 0.000000 0.000000
5.076190 12.582994 0.000000 0.000000
13.038275 16.118831 0.000000 0.000000
10.167114 18.742978 0.000000 0.000000
12.805228 18.682667 0.000000 0.000000
14.788946 2.822458 0.000000 0.000000
3.027514 10.729119 0.000000 0.000000
14.401458 13.429040 0.000000 0.000000
9.620732 6.763878 0.000000 0.000000
15.584522 5.911730 0.000000 0.000000
18.666811 16.414549 0.000000 0.000000
17.318569 6.974086 0.000000 0.000000
8.453696 11.965717 0.000000 0.000000
19.084584 12.393699 0.000000 0.000000
8.630969 1.381875 0.000000 0.000000
1.607668 2.202627 0.000000 0.000000
4.197019 11.227366 0.000000 0.000000
1.812859 8.378687 0.000000 0.000000
2.202600 12.162012 0.000000 0.000000
0.914433 3.753696 0.000000 0.000000
14.704927 1.490780 0.000000 0.000000
12.576546 14.443690 0.000000 0.000000
16.106846 7.745499 0.000000 0.000000
19.521364 10.973063 0.000000 0.000000
3.259247 2.873455 0.000000 0.000000
13.698065 18.191800 0.000000 0.000000
17.477473 18.448972 0.000000 0.000000
9.088905 3.122990 0.000000 0.000000
5.487611 0.925144 0.000000 0.000000
10.613551 17.666178 0.000000 0.000000
9.162383 6.275719 0.000000 0.000000
14.012666 10.376268 0.000000 0.000000
5.094894 4.184938 0.000000 0.000000
12.390182 17.388544 0.000000 0.000000
19.302568 2.953877 0.000000 0.000000
16.758069 13.212278 0.000000 0.000000
4.783024 15.750450 0.000000 0.000000
6.474799 3.610806 0.000000 0.000000
12.928824 13.365697 0.000000 0.000000
4.481043 14.836902 0.000000 0.000000
4.088611 0.372542 0.000000 0.000000
8.884810 4.287048 0.000000 0.000000
15.927309 8.627561 0.000000 0.000000
1.460463 7.988568 0.000000 0.000000
17.640478 9.707745 0.000000 0.000000
8.240685 0.327765 0.000000 0.000000
18.860001 8.760169 0.000000 0.000000
1.035629 11.804723 0.000000 0.000000
12.689459 10.151741 0.000000 0.000000
16.450824 2.491871 0.000000 0.000000
14.663393 11.325190 0.000000 0.000000
6.969211 15.153310 0.000000 0.000000
16.579230 5.433645 0.000000 0.000000
18.888321 0.404729 0.000000 0.000000
16.293583 18.056710 0.000000 0.000000
1.911055 13.965905 0.000000 0.000000
18.220996 10.545223 0.000000 0.000000
11.430992 6.480836 0.000000 0.000000
16.032835 9.895009 0.000000 0.000000
5.664980 14.079448 0.000000 0.000000
6.386140 6.880511 0.000000 0.000000
14.443677 9.875700 0.000000 0.000000
14.308276 6.506740 0.000000 0.000000
14.421930 3.235069 0.000000 0.000000
14.324996 4.644820 0.000000 0.000000
3.971020 5.534987 0.000000 0.000000
9.593947 19.701596 0.000000 0.000000
8.911221 7.277074 0.000000 0.000000
6.363844 2.399513 0.000000 0.000000
14.487703 4.077593 0.000000 0.000000
11.248223 6.996156 0.000000 0.000000
13.230412 3.356937 0.000000 0.000000
10.592446 7.371493 0.000000 0.000000
1.748557 15.941942 0.000000 0.000000
7.313387 2.958811 0.000000 0.000000
12.903726 4.752825 0.000000 0.000000
16.466849 13.690079 0.000000 0.000000
19.408410 10.386849 0.000000 0.000000
17.737974 13.891136 0.000000 0.000000
10.835417 2.731583 0.000000 0.000000
7.616469 8.217591 0.000000 0.000000
12.411226 3.082597 0.000000 0.000000
15.079756 7.082559 0.000000 0.000000
15.265927 13.838440 0.000000 0.000000
11.279854 14.253293 0.000000 0.000000
13.811599 19.583600 0.000000 0.000000
10.034280 15.526171 0.000000 0.000000
14.549865 16.306678 0.000000 0.000000
9.995235 14.701445 0.000000 0.000000
12.187894 12.909755 0.000000 0.000000
5.653938 12.799067 0.000000 0.000000
1.458258 3.694658 0.000000 0.000000
3.005088 15.368209 0.000000 0.000000
12.121888 18.434799 0.000000 0.000000
16.695485 18.453881 0.000000 0.000000
15.915505 10.473762 0.000000 0.000000
13.180713 4.264701 0.000000 0.000000
18.406868 11.083664 0.000000 0.000000
2.564243 0.607373 0.000000 0.000000
8.131398 8.789363 0.000000 0.000000
16.237930 0.891180 0.000000 0.000000
16.843819 7.781437 0.000000 0.000000
16.821781 16.388288 0.000000 0.000000
12.393934 15.231983 0.000000 0.000000
7.921979 6.997323 0.000000 0.000000
9.861421 3.095479 0.000000 0.000000
17.988777 18.858486 0.000000 0.000000
3.692140 6.827792 0.000000 0.000000
17.906588 17.513086 0.000000 0.000000
2.830436 2.307239 0.000000 0.000000
5.504662 2.466797 0.000000 0.000000
13.207071 8.211059 0.000000 0.000000
18.238420 13.858722 0.000000 0.000000
5.716538 11.531977 0.000000 0.000000
13.189118 9.032316 0.000000 0.000000
10.383813 3.937264 0.000000 0.000000
4.662942 6.662403 0.000000 0.000000
6.999520 6.438736 0.000000 0.000000
7.980771 16.505919 0.000000 0.000000
10.896025 6.410394 0.000000 0.000000
13.585550 12.672435 0.000000 0.000000
12.452544 6.501414 0.000000 0.000000
5.126437 19.696039 0.000000 0.000000
11.945432 11.424313 0.000000 0.000000
4.493222 1.610626 0.000000 0.000000
0.317891 8.489123 0.000000 0.000000
17.117584 9.233113 0.000000 0.000000
11.657358 12.694161 0.000000 0.000000
5.457973 18.521418 0.000000 0.000000
4.437895 4.365271 0.000000 0.000000
0.785783 18.477018 0.000000 0.000000
4.346592 1.140047 0.000000 0.000000
9.287503 13.813966 0.000000 0.000000
6.494203 17.704095 0.000000 0.000000
3.758994 7.744387 0.000000 0.000000
17.913985 0.454964 0.000000 0.000000
18.584784 13.133858 0.000000 0.000000
11.402988 9.790673 0.000000 0.000000
4.166890 13.477344 0.000000 0.000000
17.090882 4.246780 0.000000 0.000000
3.927720 14.899911 0.000000 0.000000
4.590764 18.301623 0.000000 0.000000
6.236664 8.541009 0.000000 0.000000
6.852138 4.320994 0.000000 0.000000
2.910348 6.516146 0.000000 0.000000
9.467233 7.745698 0.000000 0.000000
12.515501 1.724988 0.000000 0.000000
14.896026 9.352152 0.000000 0.000000
0.388231 10.069799 0.000000 0.000000
19.646930 9.741627 0.000000 0.000000
14.211960 12.433792 0.000000 0.000000
17.226001 11.317355 0.000000 0.000000
3.832934 18.044281 0.000000 0.000000
4.173557 8.636204 0.000000 0.000000
6.327635 5.741484 0.000000 0.000000
10.730946 0.308295 0.000000 0.000000
16.628456 5.982241 0.000000 0.000000
18.162683 12.775666 0.000000 0.000000
2.740552 9.911757 0.000000 0.000000
8.466879 6.150438 0.000000 0.000000
16.176150 19.684652 0.000000 0.000000
7.192734 19.172096 0.000000 0.000000
8.883643 4.796443 0.000000 0.000000
11.644464 9.181688 0.000000 0.000000
15.334156 17.095611 0.000000 0.000000
1.659273 18.977876 0.000000 0.000000
15.356101 19.163117 0.000000 0.000000
2.108004 3.143377 0.000000 0.000000
18.014000 2.093442 0.000000 0.000000
14.834005 15.058047 0.000000 0.000000
14.955946 12.368398 0.000000 0.000000
0.626011 14.492275 0.000000 0.000000
16.606537 2.999919 0.000000 0.000000
5.402472 5.709764 0.000000 0.000000
9.221532 12.058096 0.000000 0.000000
17.062733 12.160886 0.000000 0.000000
10.393895 11.770136 0.000000 0.000000
10.084267 7.301716 0.000000 0.000000
7.141448 5.859984 0.000000 0.000000
14.066759 19.060108 0.000000 0.000000
6.759224 11.586143 0.000000 0.000000
1.760052 13.083078 0.000000 0.000000
2.532049 16.747577 0.000000 0.000000
11.847813 3.021238 0.000000 0.000000
12.052563 5.524250 0.000000 0.000000
16.093016 6.107145 0.000000 0.000000
15.302892 11.622371 0.000000 0.000000
6.451052 4.951941 0.000000 0.000000
11.107437 17.224166 0.000000 0.000000
2.920086 5.084457 0.000000 0.000000
18.819559 3.981201 0.000000 0.000000
1.193585 9.674712 0.000000 0.000000
14.386684 19.738537 0.000000 0.000000
1.208625 4.833596 0.000000 0.000000
5.359327 10.205824 0.000000 0.000000
17.828266 13.212317 0.000000 0.000000
12.646364 8.711461 0.000000 0.000000
14.451209 6.995162 0.000000 0.000000
3.237068 3.361095 0.000000 0.000000
15.708170 4.409592 0.000000 0.000000
4.804688 16.673019 0.000000 0.000000
2.704659 13.169297 0.000000 0.000000
12.877172 3.736081 0.000000 0.000000
2.952263 18.653298 0.000000 0.000000
1.274070 8.772304 0.000000 0.000000
8.592512 11.076519 0.000000 0.000000
9.470437 15.849120 0.000000 0.000000
2.878067 5.954218 0.000000 0.000000
0.708438 19.754605 0.000000 0.000000
14.800244 17.520404 0.000000 0.000000
19.543237 14.342355 0.000000 0.000000
16.493454 11.402488 0.000000 0.000000
5.585975 16.395676 0.000000 0.000000
12.250685 16.847036 0.000000 0.000000
18.104091 5.186250 0.000000 0.000000
7.301884 4.811405 0.000000 0.000000
6.440915 15.917441 0.000000 0.000000
6.934160 14.048089 0.000000 0.000000
18.181504 16.712074 0.000000 0.000000
9.986099 8.745692 0.000000 0.000000
19.443555 2.340956 0.000000 0.000000
4.221875 17.754664 0.000000 0.000000
5.864440 6.012111 0.000000 0.000000
1.895275 4.083363 0.000000 0.000000
10.696254 1.249213 0.000000 0.000000
19.007382 11.212184 0.000000 0.000000
4.490760 3.808623 0.000000 0.000000
18.871986 9.745624 0.000000 0.000000
8.143766 2.725432 0.000000 0.000000
18.254885 16.129592 0.000000 0.000000
12.962923 19.738000 0.000000 0.000000
3.457121 3.913822 0.000000 0.000000
12.093349 13.708783 0.000000 0.000000
5.323389 8.094668 0.000000 0.000000
5.576479 1.720430 0.000000 0.000000
1.408702 6.413279 0.000000 0.000000
11.403906 15.475257 0.000000 0.000000
14.035400 16.114584 0.000000 0.000000
8.514280 7.934383 0.000000 0.000000
0.422092 0.726681 0.000000 0.000000
0.500283 16.144219 0.000000 0.000000
12.077400 10.242493 0.000000 0.000000
11.287249 0.915515 0.000000 0.000000
11.408540 13.473589 0.000000 0.000000
10.996959 9.019116 0.000000 0.000000
2.425356 14.868844 0.000000 0.000000
8.562819 14.307447 0.000000 0.000000
3.601322 6.076095 0.000000 0.000000
18.538674 1.681314 0.000000 0.000000
2.359028 5.263469 0.000000 0.000000
11.160202 10.969545 0.000000 0.000000
0.582359 7.698876 0.000000 0.000000
18.770720 5.594647 0.000000 0.000000
19.034583 3.379863 0.000000 0.000000
3.241943 9.029560 0.000000 0.000000
3.546188 16.910675 0.000000 0.000000
6.194085 0.276765 0.000000 0.000000
7.330975 2.132444 0.000000 0.000000
10.266408 19.675417 0.000000 0.000000
14.014526 1.698526 0.000000 0.000000
7.927424 9.919418 0.000000 0.000000
2.832324 16.098047 0.000000 0.000000
4.423959 2.717942 0.000000 0.000000
15.300689 3.969221 0.000000 0.000000
17.654414 6.476483 0.000000 0.000000
4.475321 2.133274 0.000000 0.000000
8.606765 13.410711 0.000000 0.000000
10.489868 4.663187 0.000000 0.000000
6.610213 13.056116 0.000000 0.000000
17.277583 10.451321 0.000000 0.000000
11.249572 4.820441 0.000000 0.000000
13.224593 10.332629 0.000000 0.000000
3.070377 0.402192 0.000000 0.000000
9.600362 16.797651 0.000000 0.000000
6.531671 14.876965 0.000000 0.000000
9.527424 1.710731 0.000000 0.000000
17.848592 11.185170 0.000000 0.000000
9.350659 2.270220 0.000000 0.000000
3.248905 7.604050 0.000000 0.000000
19.230573 9.355241 0.000000 0.000000
9.646172 18.745638 0.000000 0.000000
13.569783 1.994444 0.000000 0.000000
7.947908 14.967767 0.000000 0.000000
17.640026 15.338141 0.000000 0.000000
1.321794 16.660092 0.000000 0.000000
18.894941 15.064801 0.000000 0.000000
0.419236 4.202736 0.000000 0.000000
12.864860 5.456058 0.000000 0.000000
17.247294 14.942028 0.000000 0.000000
8.945443 10.538621 0.000000 0.000000
0.705516 13.960028 0.000000 0.000000
10.081378 5.549641 0.000000 0.000000
6.268024 15.352089 0.000000 0.000000
12.080752 12.263145 0.000000 0.000000
14.990102 15.679965 0.000000 0.000000
10.485330 5.869869 0.000000 0.000000
19.058377 1.206043 0.000000 0.000000
16.987508 14.072183 0.000000 0.000000
0.236497 11.737674 0.000000 0.000000
1.808944 9.022353 0.000000 0.000000
19.707713 3.723316 0.000000 0.000000
8.356418 17.084221 0.000000 0.000000
12.558655 12.578814 0.000000 0.000000
11.703065 2.061134 0.000000 0.000000
11.223864 16.251632 0.000000 0.000000
8.450691 5.146445 0.000000 0.000000
10.982239 19.274746 0.000000 0.000000
2.317552 19.669579 0.000000 0.000000
14.037721 5.180752 0.000000 0.000000
4.605109 0.598158 0.000000 0.000000
7.719046 12.148681 0.000000 0.000000
2.313597 6.294780 0.000000 0.000000
4.502503 13.051604 0.000000 0.000000
0.427744 12.820211 0.000000 0.000000
8.945839 17.602418 0.000000 0.000000
6.242910 1.744814 0.000000 0.000000
17.184055 15.584870 0.000000 0.000000
16.617770 3.866687 0.000000 0.000000
9.056429 19.263804 0.000000 0.000000
15.918036 2.252467 0.000000 0.000000
13.184544 14.182038 0.000000 0.000000
5.020836 7.155326 0.000000 0.000000
3.229256 9.643382 0.000000 0.000000
2.162841 4.786778 0.000000 0.000000
4.444623 18.997733 0.000000 0.000000
18.860577 18.201702 0.000000 0.000000
9.697133 8.329410 0.000000 0.000000
2.101105 7.089666 0.000000 0.000000
19.314093 13.770710 0.000000 0.000000
19.153001 7.577447 0.000000 0.000000
11.451168 5.426152 0.000000 0.000000
1.283722 15.508193 0.000000 0.000000
13.874349 0.381798 0.000000 0.000000
16.728591 4.937423 0.000000 0.000000
4.982930 8.873541 0.000000 0.000000
14.377413 14.444060 0.000000 0.000000
5.525876 2.991709 0.000000 0.000000
11.175137 5.864106 0.000000 0.000000
6.033376 5.295651 0.000000 0.000000
15.020807 3.484533 0.000000 0.000000
15.253804 8.652708 0.000000 0.000000
14.636811 5.137125 0.000000 0.000000
5.652316 4.826550 0.000000 0.000000
19.744479 19.666987 0.000000 0.000000
10.627473 9.347229 0.000000 0.000000
2.527478 9.211050 0.000000 0.000000
7.112324 12.108380 0.000000 0.000000
17.873216 14.598143 0.000000 0.000000
17.430476 19.126644 0.000000 0.000000
4.797352 9.870061 0.000000 0.000000
1.320549 13.988944 0.000000 0.000000
9.942984 17.656288 0.000000 0.000000
15.582140 15.360556 0.000000 0.000000
2.074308 11.127395 0.000000 0.000000
8.473812 3.817335 0.000000 0.000000
7.383121 17.449970 0.000000 0.000000
13.575823 9.492746 0.000000 0.000000
4.937164 17.874252 0.000000 0.000000
9.601529 14.305148 0.000000 0.000000
19.189589 11.665406 0.000000 0.000000
4.691980 9.357685 0.000000 0.000000
1.832781 9.632305 0.000000 0.000000
2.987357 1.315757 0.000000 0.000000
18.347621 2.594817 0.000000 0.000000
5.796192 10.942615 0.000000 0.000000
16.240276 17.229970 0.000000 0.000000
0.273506 18.848320 0.000000 0.000000
10.501427 14.577368 0.000000 0.000000
1.949230 2.655493 0.000000 0.000000
5.347154 14.720640 0.000000 0.000000
13.054401 6.448280 0.000000 0.000000
8.241161 9.342146 0.000000 0.000000
4.023022 1.847896 0.000000 0.000000
5.220475 17.307933 0.000000 0.000000
13.600664 15.292366 0.000000 0.000000
0.386083 6.311452 0.000000 0.000000
14.510632 0.493985 0.000000 0.000000
10.722415 10.039935 0.000000 0.000000
14.656717 18.970287 0.000000 0.000000
17.494097 16.308573 0.000000 0.000000
16.218349 14.988517 0.000000 0.000000
14.722339 10.627918 0.000000 0.000000
18.226389 6.599870 0.000000 0.000000
17.594805 4.909450 0.000000 0.000000
6.945346 17.057359 0.000000 0.000000
9.017284 1.092504 0.000000 0.000000
10.821960 15.757592 0.000000 0.000000
13.028111 2.142446 0.000000 0.000000
3.067569 12.510951 0.000000 0.000000
5.645910 6.904266 0.000000 0.000000
9.114292 18.306244 0.000000 0.000000
11.784390 0.580454 0.000000 0.000000
3.468442 14.303670 0.000000 0.000000
5.824078 8.206106 0.000000 0.000000
2.944316 11.329503 0.000000 0.000000
0.708437 5.768439 0.000000 0.000000
9.150891 8.612893 0.000000 0.000000
18.665657 4.641246 0.000000 0.000000
16.123395 7.133431 0.000000 0.000000
7.583642 10.304250 0.000000 0.000000
7.396005 15.650263 0.000000 0.000000
16.284095 4.412784 0.000000 0.000000
4.097218 16.833394 0.000000 0.000000
14.153311 2.227066 0.000000 0.000000
1.907949 1.245555 0.000000 0.000000
18.928250 10.626844 0.000000 0.000000
11.791521 7.759225 0.000000 0.000000
2.666815 7.983343 0.000000 0.000000
11.533009 19.232518 0.000000 0.000000
3.808671 19.512160 0.000000 0.000000
1.224760 11.234399 0.000000 0.000000
4.333541 11.989568 0.000000 0.000000
15.597046 14.615110 0.000000 0.000000
16.662318 6.563235 0.000000 0.000000
5.607965 16.955052 0.000000 0.000000
14.944190 18.418655 0.000000 0.000000
18.175626 11.635131 0.000000 0.000000
19.530144 17.517415 0.000000 0.000000
0.973074 2.034015 0.000000 0.000000
19.445174 15.812863 0.000000 0.000000
8.660313 16.291343 0.000000 0.000000
13.634828 11.892543 0.000000 0.000000
13.258233 1.190371 0.000000 0.000000
13.455597 13.455446 0.000000 0.000000
3.480092 1.063651 0.000000 0.000000
11.936812 19.742937 0.000000 0.000000
10.930727 18.301063 0.000000 0.000000
0.769084 3.234868 0.000000 0.000000
15.828877 5.011028 0.000000 0.000000
8.623960 8.456926 0.000000 0.000000
11.787066 14.187397 0.000000 0.000000
13.628944 17.345650 0.000000 0.000000
9.958876 13.810832 0.000000 0.000000
7.992191 1.381822 0.000000 0.000000
4.617802 19.709238 0.000000 0.000000
16.709347 0.701229 0.000000 0.000000
11.898182 4.842583 0.000000 0.000000
7.190080 9.386538 0.000000 0.000000
13.567241 4.902720 0.000000 0.000000
4.691583 3.208863 0.000000 0.000000
8.503058 18.202930 0.000000 0.000000
1.228815 2.637326 0.000000 0.000000
19.484893 4.551371 0.000000 0.000000
5.296209 15.320943 0.000000 0.000000
17.236007 8.239578 0.000000 0.000000
19.417800 18.736424 0.000000 0.000000
18.396084 10.097815 0.000000 0.000000
8.873772 18.779229 0.000000 0.000000
14.255668 18.516037 0.000000 0.000000
5.328156 7.536143 0.000000 0.000000
13.302926 0.679962 0.000000 0.000000
13.648994 7.415087 0.000000 0.000000
13.982317 4.109130 0.000000 0.000000
7.163331 16.528271 0.000000 0.000000
14.560968 12.008181 0.000000 0.000000
16.147990 16.050974 0.000000 0.000000
19.417597 6.516562 0.000000 0.000000
1.993625 16.830291 0.000000 0.000000
14.180605 8.315729 0.000000 0.000000
6.265037 0.802540 0.000000 0.000000
7.627615 16.101996 0.000000 0.000000
18.516956 17.274012 0.000000 0.000000
13.587122 6.767801 0.000000 0.000000
1.292571 5.615216 0.000000 0.000000
9.780742 10.790867 0.000000 0.000000
0.362081 12.217532 0.000000 0.000000
9.419777 17.638073 0.000000 0.000000
1.388542 1.016778 0.000000 0.000000
2.665296 14.397504 0.000000 0.000000
6.940619 10.759501 0.000000 0.000000
4.894666 6.097004 0.000000 0.000000
18.876086 19.588042 0.000000 0.000000
15.414440 16.186654 0.000000 0.000000
1.030162 14.912262 0.000000 0.000000
8.301719 13.868882 0.000000 0.000000
3.922293 4.691602 0.000000 0.000000
19.087547 7.006141 0.000000 0.000000
8.994338 14.995516 0.000000 0.000000
4.541485 7.629104 0.000000 0.000000
17.406821 0.247607 0.000000 0.000000
19.225349 13.164454 0.000000 0.000000
14.000349 5.841308 0.000000 0.000000
1.327571 14.502941 0.000000 0.000000
19.618443 16.977802 0.000000 0.000000
0.958862 12.955746 0.000000 0.000000
10.200157 11.131283 0.000000 0.000000
4.264106 15.878236 0.000000 0.000000
17.144336 6.095335 0.000000 0.000000
4.717710 4.808309 0.000000 0.000000
15.897873 16.506001 0.000000 0.000000
17.379529 3.376971 0.000000 0.000000
6.313431 19.257277 0.000000 0.000000
4.311793 14.180824 0.000000 0.000000
7.014136 3.711164 0.000000 0.000000
12.134618 8.268661 0.000000 0.000000
18.887149 14.197454 0.000000 0.000000
10.135970 13.275465 0.000000 0.000000
4.126776 9.637809 0.000000 0.000000
6.224718 17.133931 0.000000 0.000000
9.692015 4.135902 0.000000 0.000000
9.013259 11.569440 0.000000 0.000000
6.642240 18.235652 0.000000 0.000000
0.295041 1.465509 0.000000 0.000000
12.347289 17.893382 0.000000 0.000000
15.549198 9.315711 0.000000 0.000000
11.192355 3.911750 0.000000 0.000000
16.093696 3.433170 0.000000 0.000000
9.995657 2.130210 0.000000 0.000000
15.379985 2.696854 0.000000 0.000000
2.598321 1.684507 0.000000 0.000000
6.000368 9.934963 0.000000 0.000000
8.269499 10.368675 0.000000 0.000000
11.589872 11.838796 0.000000 0.000000
2.223747 15.320259 0.000000 0.000000
7.876707 4.701261 0.000000 0.000000
6.585423 7.642726 0.000000 0.000000
4.927003 13.452509 0.000000 0.000000
11.851578 7.232469 0.000000 0.000000
8.207348 12.879748 0.000000 0.000000
17.411310 12.782581 0.000000 0.000000
15.572202 0.618735 0.000000 0.000000
7.469971 0.347087 0.000000 0.000000
3.404068 19.085842 0.000000 0.000000
18.276906 3.632313 0.000000 0.000000
12.543400 1.141100 0.000000 0.000000
13.058459 14.914454 0.000000 0.000000
11.979932 6.348901 0.000000 0.000000
17.211295 17.237138 0.000000 0.000000
0.335732 13.495822 0.000000 0.000000
15.062245 0.761191 0.000000 0.000000
2.359749 8.461048 0.000000 0.000000
16.374342 8.319536 0.000000 0.000000
13.833047 14.287968 0.000000 0.000000
7.607505 18.430773 0.000000 0.000000
0.311171 2.808099 0.000000 0.000000
7.569957 6.471587 0.000000 0.000000
15.169201 9.853686 0.000000 0.000000
19.669270 8.986399 0.000000 0.000000
15.864902 11.650978 0.000000 0.000000
9.459209 3.453809 0.000000 0.000000
7.856361 2.068894 0.000000 0.000000
18.951922 2.114544 0.000000 0.000000
3.250090 13.260629 0.000000 0.000000
5.914179 1.242761 0.000000 0.000000
4.032348 12.431194 0.000000 0.000000
15.720078 11.121178 0.000000 0.000000
2.932149 7.097989 0.000000 0.000000
8.983393 15.482149 0.000000 0.000000
15.864106 13.791952 0.000000 0.000000
1.360734 12.145342 0.000000 0.000000
15.769414 13.194548 0.000000 0.000000
14.496206 13.931153 0.000000 0.000000
1.258691 17.749522 0.000000 0.000000
19.503286 16.362432 0.000000 0.000000
4.080377 18.549861 0.000000 0.000000
6.198161 14.293276 0.000000 0.000000
19.221067 8.244730 0.000000 0.000000
9.160630 0.250148 0.000000 0.000000
1.272165 6.929831 0.000000 0.000000
6.938648 16.050234 0.000000 0.000000
5.072638 1.532668 0.000000 0.000000
7.220978 13.255168 0.000000 0.000000
0.475448 10.699883 0.000000 0.000000
17.602151 12.143221 0.000000 0.000000
10.724284 13.262960 0.000000 0.000000
9.709542 11.789640 0.000000 0.000000
0.775418 15.436564 0.000000 0.000000
0.305770 3.745220 0.000000 0.000000
16.441251 10.660360 0.000000 0.000000
19.752095 18.053630 0.000000 0.000000
5.016192 11.599914 0.000000 0.000000
10.102705 18.118596 0.000000 0.000000
19.726921 5.339023 0.000000 0.000000
10.317085 3.440531 0.000000 0.000000
1.537355 18.393551 0.000000 0.000000
10.114102 17.196823 0.000000 0.000000
3.962503 2.949651 0.000000 0.000000
17.563268 2.830154 0.000000 0.000000
1.662621 17.271180 0.000000 0.000000
16.836080 18.919266 0.000000 0.000000
3.039067 17.039892 0.000000 0.000000
2.892035 4.576056 0.000000 0.000000
13.147700 12.053447 0.000000 0.000000
10.202216 2.725477 0.000000 0.000000
9.847174 12.411457 0.000000 0.000000
12.588771 11.842374 0.000000 0.000000
4.877690 14.497842 0.000000 0.000000
2.687467 13.713612 0.000000 0.000000
16.032218 1.441979 0.000000 0.000000
3.763972 13.867883 0.000000 0.000000
3.387654 4.400623 0.000000 0.000000
9.398232 11.113689 0.000000 0.000000
0.326589 16.860538 0.000000 0.000000
8.933601 13.003179 0.000000 0.000000
10.765460 8.152893 0.000000 0.000000
8.346443 0.807840 0.000000 0.000000
18.552985 7.246716 0.000000 0.000000
2.455046 1.182978 0.000000 0.000000
3.575830 15.312465 0.000000 0.000000
15.945666 19.154990 0.000000 0.000000
10.547854 15.171809 0.000000 0.000000
19.700510 15.234877 0.000000 0.000000
9.995428 10.367383 0.000000 0.000000
7.073540 5.287616 0.000000 0.000000
1.794167 11.599074 0.000000 0.000000
12.247396 19.183278 0.000000 0.000000
11.687120 17.059355 0.000000 0.000000
7.229975 6.929315 0.000000 0.000000
3.559134 11.475998 0.000000 0.000000
17.425297 17.881871 0.000000 0.000000
16.504027 8.924043 0.000000 0.000000
10.280047 9.763389 0.000000 0.000000
1.851825 10.493153 0.000000 0.000000
3.261213 17.612858 0.000000 0.000000
11.838178 8.681385 0.000000 0.000000
17.571595 1.495575 0.000000 0.000000
5.609524 15.725302 0.000000 0.000000
0.324729 9.326847 0.000000 0.000000
16.989514 1.820376 0.000000 0.000000
14.309492 1.143004 0.000000 0.000000
7.383701 0.940781 0.000000 0.000000
11.459145 18.727595 0.000000 0.000000
0.450860 17.667108 0.000000 0.000000
2.564327 17.569818 0.000000 0.000000
18.281059 14.966564 0.000000 0.000000
7.970343 5.378293 0.000000 0.000000
2.600656 11.738098 0.000000 0.000000
10.983285 16.703106 0.000000 0.000000
14.134907 17.087756 0.000000 0.000000
14.878789 7.766997 0.000000 0.000000
13.866347 14.850167 0.000000 0.000000
7.318016 11.514244 0.000000 0.000000
4.980239 10.895661 0.000000 0.000000
2.165880 12.796759 0.000000 0.000000
4.687333 8.385556 0.000000 0.000000
19.593214 1.153731 0.000000 0.000000
2.490146 19.067251 0.000000 0.000000
13.498129 15.846478 0.000000 0.000000
8.050827 19.635328 0.000000 0.000000
2.664593 3.119238 0.000000 0.000000
11.407423 8.370492 0.000000 0.000000
2.313818 10.277068 0.000000 0.000000
7.718449 7.502005 0.000000 0.000000
4.008647 3.428398 0.000000 0.000000
12.476280 7.146671 0.000000 0.000000
16.536732 15.495230 0.000000 0.000000
13.429958 19.076166 0.000000 0.000000
0.369142 6.798897 0.000000 0.000000
13.363467 3.823164 0.000000 0.000000
11.131056 14.774157 0.000000 0.000000
8.184346 3.323510 0.000000 0.000000
11.283496 1.467602 0.000000 0.000000
9.979714 4.628809 0.000000 0.000000
5.156332 3.466791 0.000000 0.000000
15.663631 12.665551 0.000000 0.000000
3.603251 12.748335 0.000000 0.000000
6.833482 10.159951 0.000000 0.000000
11.723773 10.811984 0.000000 0.000000
1.511856 12.620388 0.000000 0.000000
11.916902 15.638769 0.000000 0.000000
2.923959 3.745470 0.000000 0.000000
6.097894 18.117363 0.000000 0.000000
18.678238 15.560861 0.000000 0.000000
18.354496 1.126537 0.000000 0.000000
2.508256 6.817850 0.000000 0.000000
1.238661 0.385611 0.000000 0.000000
3.114750 19.657967 0.000000 0.000000
1.046871 17.130549 0.000000 0.000000
5.827175 3.476962 0.000000 0.000000
19.707560 13.457236 0.000000 0.000000
3.241808 1.777339 0.000000 0.000000
3.886903 10.685014 0.000000 0.000000
17.901178 7.828529 0.000000 0.000000
12.390189 15.974041 0.000000 0.000000
10.566679 13.916486 0.000000 0.000000
18.856317 18.844126 0.000000 0.000000
6.128926 11.876795 0.000000 0.000000
18.300479 18.422807 0.000000 0.000000
11.915434 4.206017 0.000000 0.000000
17.743267 10.676706 0.000000 0.000000
6.645087 19.608208 0.000000 0.000000
6.357364 10.732291 0.000000 0.000000
6.104982 16.486373 0.000000 0.000000
12.856447 16.767285 0.000000 0.000000
15.242938 1.756611 0.000000 0.000000
12.381416 3.985716 0.000000 0.000000
15.675178 6.467820 0.000000 0.000000
19.705243 7.575589 0.000000 0.000000
10.874565 2.014070 0.000000 0.000000
0.804445 5.235831 0.000000 0.000000
3.687399 2.326700 0.000000 0.000000
0.862668 6.222726 0.000000 0.000000
6.678972 2.981446 0.000000 0.000000
5.234039 0.359618 0.000000 0.000000
1.874129 7.708826 0.000000 0.000000
13.705516 8.180130 0.000000 0.000000
18.828889 6.583654 0.000000 0.000000
14.850518 2.229632 0.000000 0.000000
14.496205 17.988598 0.000000 0.000000
13.364325 2.695149 0.000000 0.000000
2.209644 16.380101 0.000000 0.000000
9.095932 14.442726 0.000000 0.000000
17.483015 16.816542 0.000000 0.000000
12.239505 2.514613 0.000000 0.000000
9.522715 10.125390 0.000000 0.000000
0.914497 9.158193 0.000000 0.000000
17.821830 4.313353 0.000000 0.000000
10.279749 7.880981 0.000000 0.000000
0.773190 16.655254 0.000000 0.000000
0.463607 11.265008 0.000000 0.000000
8.706185 2.714367 0.000000 0.000000
18.972767 16.980807 0.000000 0.000000
7.705523 14.336172 0.000000 0.000000
6.159506 3.009164 0.000000 0.000000
7.359338 19.645987 0.000000 0.000000
15.660168 8.164836 0.000000 0.000000
2.351867 7.492305 0.000000 0.000000
0.755859 1.311952 0.000000 0.000000
8.776262 9.208524 0.000000 0.000000
18.649810 3.079110 0.000000 0.000000
1.133564 10.731627 0.000000 0.000000
0.981824 13.447433 0.000000 0.000000
18.554244 6.180499 0.000000 0.000000
6.408945 9.586865 0.000000 0.000000
19.730716 6.021645 0.000000 0.000000
5.771668 8.761235 0.000000 0.000000
19.306691 19.280783 0.000000 0.000000
5.443936 13.413504 0.000000 0.000000
1.873870 5.547153 0.000000 0.000000
6.267152 12.587921 0.000000 0.000000
3.381598 12.029539 0.000000 0.000000
8.097137 18.710959 0.000000 0.000000
18.179660 12.148439 0.000000 0.000000
17.397866 5.466934 0.000000 0.000000
7.780930 13.361966 0.000000 0.000000
8.913775 9.964531 0.000000 0.000000
1.027631 16.038057 0.000000 0.000000
13.895000 2.804506 0.000000 0.000000
15.269725 4.660180 0.000000 0.000000
11.037898 3.354144 0.000000 0.000000
3.515715 18.527271 0.000000 0.000000
4.094531 6.250828 0.000000 0.000000
18.562538 9.326042 0.000000 0.000000
11.062902 12.221170 0.000000 0.000000
18.076582 19.425343 0.000000 0.000000
5.190547 16.036883 0.000000 0.000000
14.275732 9.107034 0.000000 0.000000
9.624464 5.124038 0.000000 0.000000
14.725949 5.966458 0.000000 0.000000
6.312074 18.686172 0.000000 0.000000
1.511172 4.362681 0.000000 0.000000
8.263787 15.530182 0.000000 0.000000
6.272234 6.412441 0.000000 0.000000
7.219900 7.860683 0.000000 0.000000
11.806770 1.225910 0.000000 0.000000
16.458770 12.124514 0.000000 0.000000
4.145411 7.193929 0.000000 0.000000
18.793870 17.705168 0.000000 0.000000
3.759907 9.058065 0.000000 0.000000
19.609004 0.263482 0.000000 0.000000
9.697069 0.292551 0.000000 0.000000
9.180134 16.282055 0.000000 0.000000
1.304360 19.487473 0.000000 0.000000
11.186210 12.953380 0.000000 0.000000
12.312838 0.580492 0.000000 0.000000
19.258037 5.051029 0.000000 0.000000
12.783650 7.970958 0.000000 0.000000
3.608465 8.569324 0.000000 0.000000
4.935042 5.491969 0.000000 0.000000
16.233110 14.314050 0.000000 0.000000
5.257035 6.449527 0.000000 0.000000
13.478692 5.708396 0.000000 0.000000
0.932379 19.051510 0.000000 0.000000
9.799791 1.255655 0.000000 0.000000
2.357282 18.546581 0.000000 0.000000
15.629668 18.428368 0.000000 0.000000
8.377827 7.260453 0.000000 0.000000
4.694724 17.186105 0.000000 0.000000
6.799869 2.000351 0.000000 0.000000
2.457640 4.337191 0.000000 0.000000
18.070602 5.935253 0.000000 0.000000
4.944465 2.770386 0.000000 0.000000
7.633198 5.951427 0.000000 0.000000
6.233795 4.498180 0.000000 0.000000
16.645555 9.497397 0.000000 0.000000
10.350736 6.480023 0.000000 0.000000
11.259412 17.906053 0.000000 0.000000
16.750732 17.806302 0.000000 0.000000
14.161442 15.285727 0.000000 0.000000
15.321763 19.688753 0.000000 0.000000
17.764656 3.782793 0.000000 0.000000
0.321925 5.133066 0.000000 0.000000
12.869221 0.323822 0.000000 0.000000
1.835467 14.497783 0.000000 0.000000
6.241982 13.413490 0.000000 0.000000
8.360442 2.141526 0.000000 0.000000
13.280922 11.396338 0.000000 0.000000
19.303833 5.711853 0.000000 0.000000
15.825759 17.576265 0.000000 0.000000
15.428390 5.328971 0.000000 0.000000
0.345229 2.150550 0.000000 0.000000
5.448012 12.144529 0.000000 0.000000
14.432608 12.933910 0.000000 0.000000
16.750575 1.232118 0.000000 0.000000
1.495597 1.539012 0.000000 0.000000
6.805021 18.754079 0.000000 0.000000
19.732584 12.515450 0.000000 0.000000
3.247399 14.730732 0.000000 0.000000
13.787162 1.054347 0.000000 0.000000
7.035372 14.549764 0.000000 0.000000
17.504563 0.734658 0.000000 0.000000
16.967108 8.665013 0.000000 0.000000
4.354009 10.139304 0.000000 0.000000
9.208734 3.874958 0.000000 0.000000
2.946775 18.051025 0.000000 0.000000
17.042352 2.638151 0.000000 0.000000
16.063747 5.584535 0.000000 0.000000
8.641412 12.573114 0.000000 0.000000
7.257303 1.518997 0.000000 0.000000
7.529439 10.886614 0.000000 0.000000
6.987236 12.683352 0.000000 0.000000
0.967746 10.251285 0.000000 0.000000
7.404725 4.069377 0.000000 0.000000
17.679021 19.755170 0.000000 0.000000
7.729532 16.971091 0.000000 0.000000
7.703295 9.194156 0.000000 0.000000
4.271434 15.304174 0.000000 0.000000
9.080721 17.070604 0.000000 0.000000
15.009470 13.313679 0.000000 0.000000
17.652931 9.206197 0.000000 0.000000
6.322877 11.320288 0.000000 0.000000
13.774648 8.719816 0.000000 0.000000
8.161407 17.567329 0.000000 0.000000
6.200642 9.049015 0.000000 0.000000
10.028423 16.125343 0.000000 0.000000
0.264287 18.270816 0.000000 0.000000
2.426313 5.748776 0.000000 0.000000
12.510575 5.841464 0.000000 0.000000
18.624770 11.915530 0.000000 0.000000
2.077534 17.555140 0.000000 0.000000
1.823477 0.265946 0.000000 0.000000
14.776093 8.380165 0.000000 0.000000
8.587094 19.703283 0.000000 0.000000
5.050973 18.853696 0.000000 0.000000
18.067076 2.989910 0.000000 0.000000
17.878249 10.147906 0.000000 0.000000
0.240518 14.161824 0.000000 0.000000
2.380020 3.551369 0.000000 0.000000
3.408016 10.405930 0.000000 0.000000
12.481778 5.059740 0.000000 0.000000
9.444261 2.767349 0.000000 0.000000
6.566350 16.685469 0.000000 0.000000
16.476480 1.857357 0.000000 0.000000
8.358079 4.347835 0.000000 0.000000
14.136231 17.592993 0.000000 0.000000
9.963706 9.384860 0.000000 0.000000
16.285639 0.361934 0.000000 0.000000
9.467275 0.879472 0.000000 0.000000
17.981863 7.092615 0.000000 0.000000
12.953957 9.666642 0.000000 0.000000
4.509610 10.704534 0.000000 0.000000
1.614032 7.286122 0.000000 0.000000
15.191053 11.109148 0.000000 0.000000
10.541351 0.791660 0.000000 0.000000
14.815023 19.496570 0.000000 0.000000
16.808876 7.135287 0.000000 0.000000
13.043151 12.861359 0.000000 0.000000
2.396151 15.808892 0.000000 0.000000
16.667630 10.169375 0.000000 0.000000
15.622579 3.307965 0.000000 0.000000
15.135998 12.839673 0.000000 0.000000
3.147787 8.155420 0.000000 0.000000
12.908332 15.451224 0.000000 0.000000
12.809253 10.707385 0.000000 0.000000
13.885153 13.155837 0.000000 0.000000
18.142730 15.578647 0.000000 0.000000
15.461730 1.265783 0.000000 0.000000
17.334996 7.492636 0.000000 0.000000
18.295384 8.199726 0.000000 0.000000
13.221049 18.385310 0.000000 0.000000
10.561677 8.750953 0.000000 0.000000
19.396727 14.858138 0.000000 0.000000
4.874887 13.968989 0.000000 0.000000
11.720967 5.935652 0.000000 0.000000
18.369239 0.274561 0.000000 0.000000
4.181515 5.095629 0.000000 0.000000
15.109622 0.265189 0.000000 0.000000
4.870150 12.089755 0.000000 0.000000
2.868956 8.686919 0.000000 0.000000
18.375777 4.201806 0.000000 0.000000
13.970865 13.710672 0.000000 0.000000
16.762533 14.568704 0.000000 0.000000
16.114289 18.612650 0.000000 0.000000
15.583804 7.026785 0.000000 0.000000
9.810318 19.215620 0.000000 0.000000
18.688155 13.644829 0.000000 0.000000
3.264714 13.776351 0.000000 0.000000
1.394699 3.171320 0.000000 0.000000
0.279490 15.611566 0.000000 0.000000
18.202726 17.936848 0.000000 0.000000
12.753718 2.655652 0.000000 0.000000
17.279752 13.644413 0.000000 0.000000
7.454696 14.934289 0.000000 0.000000
12.441738 19.636668 0.000000 0.000000
5.081234 2.070443 0.000000 0.000000
2.006261 1.741637 0.000000 0.000000
15.539371 12.132552 0.000000 0.000000
16.077507 9.363338 0.000000 0.000000
0.897234 4.406283 0.000000 0.000000
4.901098 0.998844 0.000000 0.000000
5.885720 2.135655 0.000000 0.000000
8.043378 10.911161 0.000000 0.000000
5.786436 15.011601 0.000000 0.000000
15.060230 16.576585 0.000000 0.000000
6.024302 19.738843 0.000000 0.000000
9.431031 4.605612 0.000000 0.000000
0.378054 19.337495 0.000000 0.000000
10.794134 18.798251 0.000000 0.000000
0.244446 0.266691 0.000000 0.000000
14.129408 11.552718 0.000000 0.000000
19.732799 8.347262 0.000000 0.000000
18.983882 16.034101 0.000000 0.000000
12.744128 19.253113 0.000000 0.000000
10.208676 0.311125 0.000000 0.000000
1.836123 6.118244 0.000000 0.000000
16.260931 13.172806 0.000000 0.000000
17.506457 2.046225 0.000000 0.000000
12.897055 17.534026 0.000000 0.000000
0.282988 14.927898 0.000000 0.000000
12.389210 7.686156 0.000000 0.000000
