1 64 133 192 268 358 379 441 509 522 533 552 715 819 842 908
2 54 75 96 104 164 250 284 502 519 574 699 717 754 769 925 950 993 998
3 51 213 265 304 405 420 431 464 581 705 727 794 796 904
4 16 24 50 115 117 197 298 350 515 517 627 743 813 882 900 916 949
5 98 108 112 145 214 286 299 425 564 585 721 763 781 884 893 924
6 14 30 107 271 283 292 326 444 473 485 514 557 651 669 687 816 848 897
7 17 58 92 155 174 303 307 314 375 438 457 501 596 671 720 730 744 943
8 88 114 196 306 322 398 446 466 629 718 762 765 932 995
9 137 232 351 389 461 511 518 604 709 785 802 913 965
10 28 69 70 79 101 190 230 233 248 362 366 376 723 818 856 986
11 106 147 241 246 257 282 590 609 619 621 634 725 826 899 941 972 977 996
12 51 151 170 213 309 331 442 500 508 586 713 794 824 896 904
13 170 290 360 397 415 442 448 467 500 535 673 682 775 789 806 926 951
14 6 30 163 253 326 332 473 528 557 651 669 684 694 771 938
15 103 108 200 214 258 297 407 409 413 510 559 564 724 739 763 784 854
16 4 50 115 127 129 166 197 340 517 639 681 750 813 855 882 900 916 939 978
17 7 92 109 155 160 174 303 314 373 391 494 501 596 603 937 945 961
18 128 141 143 190 192 248 477 565 588 597 665 685 711 715 778 837 856 1000
19 59 122 288 317 337 339 345 353 545 589 626 632 783 805 865 880 891 973
20 39 119 182 185 208 234 267 312 342 427 565 685 711 837 902 930 944
21 23 57 160 198 247 314 364 503 567 583 635 636 655 745 814 834
22 62 85 226 295 313 346 456 578 628 831 844 928 934 994
23 21 203 245 247 337 429 503 567 635 636 655 664 745 888
24 4 50 82 117 400 453 515 527 547 627 667 743 758 767 929 948 949 991
25 40 125 235 237 280 436 449 486 519 560 699 769 846 858 869 925 963 984
26 105 124 239 291 319 367 434 612 706 734 790
27 32 199 204 212 271 283 292 428 444 455 485 569 572 732 753 820 848 876 914 922
28 10 70 79 101 138 175 216 230 309 606 678 713 847 853
29 85 98 176 299 346 348 456 504 578 610 611 654 666 721 781 844 866 921 928
30 6 14 107 110 163 211 253 271 326 332 473 557 651 669 771 878 897 938
31 169 343 433 475 495 538 580 668 736 788 875 911 976
32 27 193 199 212 232 395 428 505 562 572 732 751 820 876 914 985
33 67 116 327 386 504 530 592 614 666 691 849 889
34 58 100 157 259 277 307 344 375 422 457 537 646 671 677 698 832 898 905
35 46 66 68 102 119 121 132 221 342 452 492 525 653 656 867 944 990
36 75 100 104 164 259 284 497 574 677 692 698 857 988 998
37 189 204 232 372 385 426 455 461 511 518 524 572 604 802 876 895 903
38 59 83 245 251 276 360 381 417 470 540 571 582 589 662 702 888 890 982
39 20 46 53 119 185 208 234 267 312 315 342 427 685 728 930 944
40 25 44 54 158 235 280 308 365 502 543 560 699 769 869 925 984
41 44 78 154 240 365 406 423 451 483 603 619 621 622 701 840 859 899 961
42 48 93 113 153 172 268 411 469 529 602 700 757 786 912 936 964
43 76 134 135 140 142 152 167 273 352 410 458 474 523 719 770 808 971
44 40 41 54 73 158 240 308 365 406 423 445 543 699 701 708 859 984
45 97 125 165 177 231 419 650 670 815 894 963
46 35 39 53 57 68 119 194 208 312 321 342 364 583 656 728 867 930 944
47 53 57 194 208 247 321 448 535 556 583 636 662 673 682 728 775 814
48 42 64 133 153 182 268 411 522 529 533 700 766 786 817 902 912
49 86 95 180 238 433 439 475 489 512 580 668 710 741 761 875 918 968 976
50 4 16 24 115 117 172 197 515 602 627 667 681 743 813 882 900 929 948 949
51 3 12 55 151 170 213 464 508 586 713 794 796 824 896 904
52 56 142 150 152 167 254 273 374 507 576 719 749 756 774 810 971
53 39 46 47 57 119 194 208 234 312 315 321 415 448 556 673 682 728 944
54 2 40 44 73 96 104 158 284 308 502 699 708 744 754 925 998
55 51 131 187 213 293 304 392 460 464 520 549 586 678 796 823 824 841
56 52 62 150 152 217 254 374 576 644 654 722 759 774 810 825 971
57 21 46 47 53 194 198 247 321 364 535 556 583 636 655 728 814 834
58 7 34 73 104 174 259 284 307 375 457 677 698 730 744 754 943
59 19 38 83 251 288 337 339 381 417 545 589 632 664 702 783 800 805 865 888 891
60 201 236 253 274 528 623 645 649 651 684 694 707 738 811 845 885 910
61 84 94 148 296 430 476 877 909
62 22 56 150 176 226 295 313 346 348 374 456 578 654 722 759 844 921 928 934 994
63 77 87 224 229 325 393 416 420 431 568 712 742 829 838 883 919 931
64 1 48 182 192 268 441 477 522 533 565 588 597 715 766 837 908 1000
65 66 102 121 129 132 166 218 257 452 575 607 609 616 639 933 978
66 35 65 68 102 121 132 257 342 452 492 525 607 867 933 944 990
67 33 99 139 305 327 328 386 504 530 592 611 614 691 849 889 981
68 35 46 66 119 194 312 342 364 373 492 583 653 656 728 867 944 990
69 10 128 190 255 338 341 362 366 401 408 507 723 818 856 954
70 10 28 79 101 112 230 233 362 366 376 570 585 696 723 818 924 986
71 136 200 215 260 278 302 318 320 382 394 546 559 652 661 812 850 907 956
72 161 184 209 383 482 587 615 641 747 798 800 865 872 953 958
73 44 54 58 104 174 284 308 445 502 596 699 708 730 744 754 859 943 998
74 100 137 329 351 377 389 422 461 479 497 518 537 642 692 857 965 988
75 2 36 96 104 156 164 250 301 479 496 519 574 676 692 717 950 974 993 998
76 43 91 134 140 330 334 352 390 410 474 577 579 755 768 770 808 940
77 63 87 229 393 424 465 679 683 697 712 742 801 883 919
78 41 154 191 221 241 391 406 494 525 603 621 622 725 873 899 937 941 945 961
79 10 28 70 101 138 143 190 216 230 248 362 366 778 847 856
80 123 133 153 227 256 404 412 469 484 499 757 809 819 870 887 964
81 179 289 300 354 356 450 488 490 532 554 624 733 773 782 828 946 992
82 24 93 172 227 256 335 453 469 484 515 558 667 743 793 851 929 936 948
83 38 59 245 276 337 381 417 571 589 636 655 662 664 702 888 890 982
84 61 94 168 207 228 266 296 399 430 487 551 634 740 803 877 909 966
85 22 29 116 299 346 348 456 504 611 628 666 691 781 844 866 889 928
86 49 180 238 439 475 489 498 512 538 580 605 668 710 788 871 875 968 976
87 63 77 420 465 482 615 641 679 703 742 801 883 919 931 958
88 8 114 262 275 322 370 398 416 432 478 601 765 776 787 932 942 959
89 118 252 272 424 459 465 481 555 620 675 697 704 729 801
90 162 238 264 294 357 498 512 605 638 760 821 918 968 979
91 76 330 352 390 403 447 474 493 579 591 600 659 690 755 768 879 947 957
92 7 17 109 155 174 303 391 445 494 501 596 603 701 730 943
93 42 82 113 153 172 411 469 484 515 602 681 700 757 786 882 912 936 948 964
94 61 84 127 148 168 220 296 298 430 476 517 909
95 49 180 238 269 302 333 336 439 443 510 580 647 710 714 731 741 761 918
96 2 54 75 156 250 280 449 486 502 519 574 699 717 769 925 950 993 998
97 45 125 165 177 179 396 419 598 650 680 746 748 815 858 894 963 970
98 5 29 112 176 299 346 348 425 570 578 610 644 654 721 781 866 884 921 924
99 67 195 202 305 327 380 386 530 614 631 764 975 980 981
100 34 36 74 259 344 351 422 497 537 642 646 677 692 698 857 988
101 10 28 70 79 138 175 230 248 362 366 376 818 847 856
102 35 65 66 119 121 132 218 342 427 452 607 817 867 930 933 944 990
103 15 108 200 297 407 409 413 510 546 559 714 724 739 839 852 854 956
104 2 36 54 58 73 75 164 259 284 502 574 677 744 754 857 950 998
105 26 261 291 319 324 371 434 594 612 790 915
106 11 147 149 228 246 266 368 590 619 621 634 725 826 840 962 972 996
107 6 30 110 211 271 283 440 473 485 514 557 657 669 687 816 848 897 983
108 5 15 103 139 145 181 214 258 286 407 413 564 724 739 763 784 854 893
109 17 92 160 191 198 303 364 373 391 494 501 603 653 937 945 961
110 30 107 130 209 211 440 463 514 557 563 587 657 660 669 687 816 878 897 953 983
111 195 202 343 380 433 443 495 764 980
112 5 70 98 233 376 425 570 585 610 696 721 723 818 884 924 986
113 42 93 129 172 197 218 411 515 575 602 607 681 700 786 855 882 912 978
114 8 88 196 275 322 370 398 478 601 629 765 776 787 932
115 4 16 50 127 197 298 340 347 517 681 750 813 855 882 900 916 939
116 33 85 456 504 592 628 666 691 831 928
117 4 24 50 220 298 350 400 517 608 627 743 758 813 900 949 991
118 89 252 369 384 424 481 536 555 620 633 675 729 780 791
119 20 35 39 46 53 68 102 185 194 208 234 267 312 342 427 728 867 930 944
120 243 388 390 561 577 579 648 659 686 689 755 874 886 923 940 997
121 35 65 66 102 132 221 241 257 452 492 525 609 616 867 933 977 990
122 19 287 288 345 353 363 471 524 531 626 630 687 783 822 880 973 983
123 80 210 227 256 270 335 404 454 472 484 499 558 757 804 870 887
124 26 206 319 367 706 734 830 881 955
125 25 45 97 165 235 237 436 486 598 650 670 680 846 858 869 963
126 242 252 272 316 361 421 539 544 553 555 584 658 704 729 792 864 967
127 16 94 115 148 168 222 296 298 340 347 476 487 517 750 813 900 909 916
128 18 69 141 143 190 192 255 366 401 408 477 588 597 715 856 908 954
129 16 65 113 166 197 218 340 411 575 607 616 639 681 855 933 939 978
130 110 161 288 339 345 363 440 514 563 587 626 657 798 865 880 953 983
131 55 188 225 249 293 392 460 464 520 586 606 678 713 823 824 841
132 35 65 66 102 121 218 342 411 427 452 575 607 817 902 933
133 1 48 80 153 268 379 412 441 522 533 552 700 757 819 842 964
134 43 76 135 140 142 334 410 474 523 579 719 768 770 808 940
135 43 134 140 146 167 270 334 379 410 412 509 523 552 719 809 819 842 870
136 71 178 187 200 215 244 260 278 318 541 546 559 652 661 812 839 956
137 9 74 329 351 377 389 461 518 913 965
138 28 79 101 175 216 230 248 309 397 467 500 713 847
139 67 108 145 181 305 328 386 407 564 614 739 763 784 849 852 889 975 981
140 43 76 134 135 142 167 270 334 379 410 412 509 523 719 808 809 940
141 18 128 143 190 192 248 366 408 477 588 597 665 711 715 778 856 954 1000
142 43 52 134 140 146 152 167 254 273 352 458 474 523 719 756 770 774 808 971
143 18 79 128 141 190 216 248 366 397 477 588 665 711 778 856 951
144 163 253 311 316 332 355 402 528 544 584 637 649 738 771 779 807 864 938
145 5 108 139 214 299 328 425 564 611 721 763 781 784 849 866 889 893
146 135 142 167 255 273 358 379 507 509 523 719 749 756 842 908 920
147 11 106 149 154 266 359 368 451 483 590 619 621 725 840 962 972 996
148 61 94 127 168 220 296 298 350 430 476 517 608 813
149 106 147 183 207 228 266 354 359 368 418 566 590 695 962 966 972
150 52 56 62 176 186 254 295 374 576 578 644 654 722 759 774 810 921
151 12 51 170 175 213 309 442 500 508 586 678 713 824 847 896
152 43 52 56 142 167 217 254 273 374 458 576 719 749 756 770 774 810 971
153 42 48 80 93 133 256 268 469 522 700 757 786 819 912 964
154 41 78 147 240 406 483 619 621 622 725 840 873 899 941 961 996
155 7 17 92 159 174 303 307 314 438 501 503 635 671 720 745 834
156 75 96 250 263 301 449 519 717 935 950 974 993
157 34 159 277 307 344 375 429 438 457 548 618 671 720 772 832 905
158 40 44 54 235 240 280 308 365 423 445 502 543 560 699 708 859 925 984
159 155 157 203 277 317 429 438 457 503 548 567 618 671 720 745 772 905
160 17 21 109 191 198 303 314 364 373 494 501 583 653 656 814 834 937
161 72 130 184 339 383 587 641 747 798 800 865 872 891 953 958
162 90 238 264 294 357 394 439 498 512 605 638 710 731 821 850 918 968 979
163 14 30 144 211 253 316 332 463 539 557 584 669 771 864 878 897 938
164 2 36 75 104 377 479 496 497 574 676 677 692 717 857 950 974 988 993 998
165 45 97 125 177 231 419 436 598 650 670 680 846 858 869 963
166 16 65 129 257 282 340 452 575 607 609 616 639 855 933 939 978
167 43 52 135 140 142 146 152 273 358 379 507 509 523 719 749 756 842 920
168 84 94 127 148 222 296 298 340 347 430 476 487 517 634 750 803 909 916
169 31 343 433 475 495 538 580 668 736 741 875 911 976
170 12 13 51 151 309 331 442 467 500 508 713 789 806 824 896
171 390 506 550 591 600 659 686 689 755 874 881 923 927 947 957
172 42 50 82 93 113 197 469 484 515 602 681 743 786 882 929 936 948 964
173 289 300 354 387 436 450 526 543 560 598 716 773 858
174 7 17 58 73 92 155 307 391 445 501 596 708 720 730 744 943
175 28 101 138 151 188 230 249 309 586 606 678 713 824 847 853
176 29 62 98 150 186 346 348 570 578 610 644 654 759 781 810 884 921
177 45 97 165 179 396 419 516 542 650 680 746 748 797 815 828 894 970
178 136 187 205 215 278 318 349 382 392 541 549 617 735 812 827 942
179 81 97 177 289 300 396 450 532 598 680 748 773 782 828 858 970
180 49 86 95 238 269 433 439 443 475 495 580 647 668 710 731 741 761 918 976
181 108 139 195 305 333 336 386 407 510 614 631 724 739 763 784 849 852 975 981
182 20 48 64 185 267 427 522 529 565 685 715 766 817 837 902 1000
183 149 207 228 266 281 356 359 368 399 418 551 566 590 695 966 972
184 72 161 251 265 435 482 540 641 703 747 752 800 872 901 931 958
185 20 39 119 182 267 342 427 529 565 685 766 817 837 902 930
186 150 176 338 341 570 576 610 644 654 723 810 818 884 921 986
187 55 136 178 205 244 293 318 392 460 520 541 549 812 827 839 841
188 131 175 225 249 293 460 586 606 674 678 696 713 823 824 853
189 37 372 385 426 455 471 491 524 531 618 630 822 832 895 898 903 922
190 10 18 69 79 128 141 143 248 255 362 366 401 408 588 597 856 954
191 78 109 160 221 241 373 492 494 525 653 656 867 873 937 945 961 990
192 1 18 64 128 141 255 358 401 408 441 477 533 588 597 715 842 908 920 954 1000
193 32 199 395 480 505 562 914 985
194 46 47 53 57 68 119 198 312 321 364 373 583 653 656 728 814 867 944
195 99 111 181 202 305 333 336 380 443 495 631 647 741 761 764 852 975 980
196 8 114 262 275 322 688 776
197 4 16 50 113 115 129 172 340 515 602 681 813 855 882 900 916 939 978
198 21 57 109 160 194 303 314 364 373 583 635 656 814 834 937
199 27 32 193 204 212 292 395 428 444 505 562 572 625 732 820 876 914 985
200 15 71 103 136 297 302 413 510 546 559 647 661 714 724 839 956
201 60 236 279 437 623 645 693 738 833 843 906 987
202 99 111 195 305 336 343 380 433 443 495 631 741 761 764 975 980
203 23 159 317 337 429 438 503 545 548 567 589 664 745 772 888
204 27 37 199 426 444 455 485 524 569 572 604 732 753 820 876 895 922
205 178 187 215 224 325 349 392 478 549 617 705 787 827 829 838 942 959
206 124 319 367 506 550 686 734 874 881 955
207 84 149 183 228 266 399 551 566 590 634 740 803 877 909 966 972
208 20 39 46 47 53 119 234 312 315 321 415 448 682 685 711 728 951
209 72 110 211 272 383 459 463 482 563 587 613 615 657 660 726 798 953 967
210 123 243 270 285 388 404 454 472 499 561 577 594 777 804 861 960
211 30 107 110 163 209 440 463 514 539 557 563 657 660 669 878 897 953 967
212 27 32 199 223 292 395 428 444 480 505 593 625 811 848 914
213 3 12 51 55 151 304 405 464 508 520 581 586 794 796 824 904
214 5 15 108 145 258 286 409 413 564 585 674 739 763 784 854 893 924
215 71 136 178 205 260 278 318 320 349 382 398 478 617 735 787 799 812 827 907 995
216 28 79 138 143 248 290 309 397 467 500 665 778 847 951
217 56 152 254 352 374 458 462 493 521 595 722 770 774 825 835 863 879 971
218 65 102 113 129 132 411 427 452 529 575 607 786 817 902 912 978
219 262 481 633 688 776 780 791 892
220 94 117 148 298 350 476 517 608 813 991
221 35 78 121 191 241 257 492 494 525 653 725 867 873 899 937 941 945 961 977 990
222 127 168 246 282 340 347 487 590 609 634 639 750 803 826 916 939
223 212 274 292 326 395 428 473 480 593 625 651 684 694 811 848 885 914
224 63 205 304 325 349 393 405 420 431 549 568 705 827 829 838 942 959
225 131 188 244 249 258 286 293 409 413 460 541 606 674 678 823 839 841 853 854
226 22 62 295 313 462 722 825 831 844 928 934 994
227 80 82 123 256 335 404 454 469 484 499 558 757 804 851 870 887 936 964
228 84 106 149 183 207 246 266 487 551 590 634 803 909 966 972
229 63 77 325 370 393 416 424 432 465 568 601 683 712 742 829 919 959
230 10 28 70 79 101 138 175 233 249 376 606 678 696 847 853
231 45 165 237 419 650 670 846 860 935 963
232 9 32 37 562 572 604 709 751 785 802 820 876 985
233 10 70 112 230 362 376 425 570 585 610 696 723 818 884 924 986
234 20 39 53 119 208 267 312 315 415 448 477 565 665 682 685 711 930 951
235 25 40 125 158 280 365 436 486 526 543 560 699 769 846 869 925 984
236 60 201 274 279 378 437 623 645 707 833 843 845 987
237 25 125 231 250 263 449 486 519 670 769 846 860 935 963
238 49 86 90 95 162 180 269 294 439 498 512 710 731 821 850 918 968 976
239 26 291 319 367 434 561 612 648 686 689 734 790 881 886 915 997
240 41 44 154 158 308 365 406 423 445 451 483 543 603 622 701 859
241 11 78 121 191 221 257 492 525 609 616 621 725 873 899 933 941 945 977 990
242 126 361 402 421 544 553 599 637 792 864 917 969 999
243 120 210 388 390 472 561 577 579 648 689 861 886 915 923 940 997
244 136 187 225 258 293 409 413 460 541 559 812 823 839 841 854 956
245 23 38 83 247 276 337 535 556 571 589 636 655 662 664 888
246 11 106 222 228 266 282 347 487 590 609 634 725 803 826 996
247 21 23 47 57 245 321 535 556 571 583 636 655 662 673 814 834
248 10 18 79 101 138 141 143 190 216 290 366 397 665 778 856
249 131 175 188 225 230 258 286 293 409 585 606 674 678 696 823 853
250 2 75 96 156 237 263 301 449 486 519 717 769 860 925 935 950 993
251 38 59 184 339 381 417 435 540 702 727 747 752 800 872 890 891 901 982
252 89 118 126 272 361 384 421 459 553 555 599 613 620 658 675 704 729 792 864
253 14 30 60 144 163 326 332 355 528 584 649 651 684 694 771 885 910 938
254 52 56 142 150 152 217 273 374 458 576 749 756 759 774 810 971
255 69 128 146 190 192 341 358 401 408 441 507 597 749 842 908 920 954
256 80 82 123 153 227 404 469 484 499 558 757 804 819 870 887 936 964
257 11 65 66 121 166 221 241 282 452 525 609 616 639 725 826 933 941 977 990
258 15 108 214 225 244 249 286 293 409 413 564 585 674 823 854 893
259 34 36 58 100 104 284 375 422 497 574 642 646 677 698 857
260 71 136 215 278 294 302 318 320 382 394 546 652 661 731 799 850 907 956
261 105 285 324 371 434 468 513 594 777 790 836 861 915 960
262 88 196 219 275 370 416 432 633 683 688 712 776 791 892
263 156 237 250 301 449 486 519 717 860 935
264 90 162 294 320 357 394 466 534 638 760 762 799 821 850 862 979 995
265 3 184 405 420 431 435 568 581 641 703 727 752 794 883 901 904 931
266 84 106 147 149 183 207 228 246 368 418 551 566 590 634 803 966 972
267 20 39 119 182 185 234 427 477 565 685 711 766 837 902 930 1000
268 1 42 48 64 133 153 522 529 533 552 700 757 766 819 912 964
269 95 180 238 297 302 333 439 510 647 652 661 710 714 731 761 850 918
270 123 135 140 210 334 388 404 410 412 472 499 577 809 870 887 940
271 6 27 30 107 283 292 326 428 444 473 485 514 557 687 753 816 848 897
272 89 126 209 252 459 463 539 613 658 660 697 704 726 729 801 967
273 43 52 142 146 152 167 254 507 509 523 719 749 756 770 774 808 920 971
274 60 223 236 378 480 593 625 645 684 694 707 737 811 845 885 910
275 88 114 196 262 322 370 416 432 601 688 765 776
276 38 83 245 331 360 381 470 535 571 582 636 662 702 775 806 890 982
277 34 157 159 344 457 491 548 618 646 671 772 822 832 898 905
278 71 136 178 215 260 318 320 382 394 398 617 652 735 799 812 907 995
279 201 236 437 833 843 987
280 25 40 96 158 235 436 449 486 502 519 699 769 846 869 925 984
281 183 356 399 551 566 672 695 733 740 952 966
282 11 166 222 246 257 340 347 609 616 634 639 750 826 933 939 977
283 6 27 107 271 287 363 444 485 514 557 569 630 687 753 816 848 922 983
284 2 36 54 58 73 104 259 375 502 574 677 698 730 744 754 857 998
285 210 261 323 335 404 453 454 468 558 777 793 804 836 851 861 868 960
286 5 108 214 225 249 258 376 409 564 585 674 696 853 854 893 924
287 122 283 345 363 455 471 485 514 524 531 569 630 687 753 816 922 973 983
288 19 59 122 130 339 345 353 363 545 626 632 783 805 865 880 891 973
289 81 173 179 300 354 450 532 554 598 624 680 733 773 782 828 946 970 992
290 13 216 248 315 397 415 467 500 665 682 711 775 778 789 926 951
291 26 105 239 319 324 367 371 434 612 706 790
292 6 27 199 212 223 271 326 395 428 444 473 625 651 684 811 848 885 914
293 55 131 187 188 225 244 249 258 392 409 413 460 541 674 823 839 841
294 90 162 238 260 264 320 394 439 498 652 710 731 799 821 850 918 968 979
295 22 62 150 226 313 346 374 462 578 722 759 825 831 844 928 934 994
296 61 84 94 127 148 168 298 347 430 476 487 517 750 803 909
297 15 103 200 269 302 333 407 510 546 559 647 661 714 724 739 852 956
298 4 94 115 117 127 148 168 220 296 350 476 517 608 750 813 900 916
299 5 29 85 98 145 328 348 425 504 564 611 721 763 781 866 921
300 81 173 179 289 354 356 387 450 490 532 624 695 733 773 782 946 992
301 75 156 250 263 496 676 717 950 974 993
302 71 95 200 260 269 297 510 546 647 652 661 710 714 731 850 918 956
303 7 17 92 109 155 160 198 314 364 373 391 494 501 635 720 834 937
304 3 55 213 224 392 405 431 460 464 520 549 586 705 796 827 904
305 67 99 139 181 195 202 336 380 386 407 530 614 631 764 784 849 852 975 980 981
306 8 320 382 398 446 466 534 629 718 735 760 762 765 787 799 907 932 995
307 7 34 58 155 157 174 375 438 457 501 671 698 720 730 744
308 40 44 54 73 158 240 365 445 502 543 699 701 708 754 859 943 984
309 12 28 138 151 170 175 216 397 442 467 500 713 789 824 847
310 489 538 573 736 788 871 875 911 989
311 144 355 402 544 637 663 738 779 807 969 999
312 20 39 46 53 68 119 194 208 234 321 342 448 728 930 944
313 22 62 226 295 374 462 595 722 759 825 835 934 994
314 7 17 21 155 160 198 303 364 373 438 501 567 635 720 745 814 834
315 39 53 208 234 290 397 415 448 565 665 682 685 711 778 926 951
316 126 144 163 332 402 421 463 539 544 553 584 658 669 864 878 938 967
317 19 159 203 337 353 429 545 548 589 618 664 772 783 805 822 973
318 71 136 178 187 215 260 278 320 382 541 546 617 735 812 827 839 907 956
319 26 105 124 206 239 291 367 434 612 686 706 734 790 881 915 955 997
320 71 215 260 264 278 294 306 318 382 394 534 652 661 799 821 850 907 995
321 46 47 53 57 194 208 247 312 448 535 556 583 673 728 814
322 8 88 114 196 275 446 629 718 765 932
323 285 335 453 454 468 513 527 547 643 767 793 795 804 836 851 868 960
324 105 261 291 371 434 468 513 594 612 790 861 915 960
325 63 205 224 229 349 370 393 416 431 478 568 601 829 838 919 942 959
326 6 14 30 223 253 271 292 332 473 557 651 684 694 771 848 885
327 33 67 99 386 530 592 614 691 764 980
328 67 139 145 299 386 504 611 691 721 763 781 784 849 866 889 981
329 74 137 351 377 389 479 965 988
330 76 91 352 403 447 458 474 493 521 600 690 755 768 770 808 879
331 12 170 276 360 442 470 508 540 582 727 789 806 890 896 982
332 14 30 144 163 253 316 326 473 528 557 584 651 669 771 878 938
333 95 181 195 269 297 336 407 443 510 631 647 714 724 761 852 975
334 76 134 135 140 270 388 410 412 472 499 523 577 579 809 870 940
335 82 123 227 285 323 453 484 558 667 743 767 793 804 851 929 936 948
336 95 181 195 202 305 333 407 443 495 510 631 647 714 741 761 852 975 980 981
337 19 23 59 83 203 245 317 429 503 545 589 632 664 772 783 805 888
338 69 186 341 362 366 401 408 507 570 576 644 723 810 818 986
339 19 59 130 161 251 288 381 417 626 632 747 798 800 805 865 872 891
340 16 115 127 129 166 168 197 222 282 347 517 639 750 855 900 916 939
341 69 186 255 338 362 366 401 408 507 576 723 749 756 810 920 954
342 20 35 39 46 66 68 102 119 132 185 312 427 867 930 944
343 31 111 169 202 433 475 495 580 668 741 911
344 34 100 157 277 372 385 422 491 537 618 642 646 698 832 898 905
345 19 122 130 287 288 353 363 440 471 514 626 630 687 783 865 880 973 983
346 22 29 62 85 98 176 295 348 456 578 654 666 759 781 831 844 866 921 928 934
347 115 127 168 222 246 282 296 340 430 476 487 517 634 639 750 803 909 916
348 29 62 85 98 176 299 346 456 578 610 654 781 844 866 921 928
349 178 205 215 224 325 398 478 549 601 617 735 765 787 827 838 942 959
350 4 117 148 220 298 476 517 608 627 813 949 991
351 9 74 100 137 329 377 385 389 422 461 497 511 518 537 642 913 965 988
352 43 76 91 142 217 330 458 474 493 521 595 690 768 770 774 808 879 971
353 19 122 288 317 345 471 531 545 548 618 630 772 783 822 880 973
354 81 149 173 289 300 356 359 368 387 418 450 451 695 716 733 946 962
355 144 253 311 402 528 623 637 649 663 693 738 771 779 807 910 938 969
356 81 183 281 300 354 399 418 490 566 624 672 695 733 946 952 966 992
357 90 162 264 498 605 638 760 821 862 968 979
358 1 146 167 192 255 379 401 441 507 509 552 597 842 908 920 954
359 147 149 183 354 368 387 418 450 451 695 716 840 946 962 972
360 13 38 276 331 442 470 535 556 571 582 636 662 673 775 789 806 890 982
361 126 242 252 384 421 544 553 555 599 637 792 864 917 999
362 10 69 70 79 101 190 233 338 341 366 401 408 570 723 818 856 986
363 122 130 283 287 288 345 440 471 514 524 626 630 687 753 816 880 922 973 983
364 21 46 57 68 109 160 194 198 303 314 373 583 653 656 728 814 834 867 937
365 40 41 44 158 235 240 308 406 423 445 451 483 526 543 560 701 859 984
366 10 69 70 79 101 128 141 143 190 248 338 341 362 401 408 723 818 856 954
367 26 124 206 239 291 319 612 706 734 830 955
368 106 147 149 183 266 354 359 418 451 483 590 619 716 840 962 972 996
369 118 384 481 536 555 620 633 780 791
370 88 114 229 262 275 325 416 432 478 601 683 712 765 776 892 959
371 105 261 291 324 468 513 594 790 836 960
372 37 189 344 385 426 455 461 491 511 524 531 537 832 895 898 903
373 17 68 109 160 191 194 198 303 314 364 492 494 583 653 656 834 867 937 945
374 52 56 62 150 152 217 254 295 313 458 595 722 759 774 810 825 971
375 7 34 58 157 259 284 307 457 646 671 677 698 720 730 744 905
376 10 70 101 112 230 233 286 425 585 674 696 818 853 924 986
377 74 137 164 329 351 479 496 497 642 676 692 857 965 974 988
378 236 274 480 593 645 707 737 833 845
379 1 133 135 140 146 167 358 412 509 523 552 809 819 842 870
380 99 111 195 202 305 443 495 614 631 764 980
381 38 59 83 251 276 339 417 571 589 632 702 805 888 890 891 982
382 71 178 215 260 278 306 318 320 398 534 617 629 735 762 765 787 799 907 932 995
383 72 161 209 482 563 587 613 615 657 660 726 798 872 953 958 967
384 118 252 361 369 421 536 555 599 620 729 792 917
385 37 189 344 351 372 422 461 491 511 518 537 642 646 802 832 895 898 903
386 33 67 99 139 181 305 327 328 407 530 614 631 691 763 784 849 889 975 981
387 173 300 354 359 418 450 451 526 695 716 733 773 946 962
388 120 210 243 270 334 404 454 472 499 561 577 648 777 861 886 940
389 9 74 137 329 351 461 511 518 709 802 913 965
390 76 91 120 171 243 577 579 659 689 755 768 874 886 923 940 947
391 17 78 92 109 174 303 406 445 494 501 596 603 622 701 859 937 943 945 961
392 55 131 178 187 205 293 304 460 464 520 541 549 705 812 823 827 841
393 63 77 224 229 325 416 432 568 601 712 742 829 838 883 919 942 959
394 71 162 260 264 278 294 320 534 652 661 731 760 799 821 850 907 918 979 995
395 32 193 199 212 223 292 428 480 505 593 625 737 811 914
396 97 177 179 488 516 532 542 554 640 680 746 748 782 797 815 828 970
397 13 138 143 216 248 290 309 315 415 467 500 665 778 789 926 951
398 8 88 114 215 278 306 349 382 478 601 617 629 735 765 787 907 932 995
399 84 183 207 281 356 551 566 740 877 952 966
400 24 117 453 527 547 627 667 743 758 767 929 949 991
401 69 128 190 192 255 338 341 358 362 366 408 507 597 749 908 920 954
402 144 242 311 316 355 544 553 584 637 771 779 807 864 938 969 999
403 91 330 447 493 521 600 690 863 879 957
404 80 123 210 227 256 270 285 388 454 472 499 558 777 804 809 870 887
405 3 213 224 265 304 420 431 464 520 549 568 581 705 796 829 838 883 904
406 41 44 78 154 240 365 391 445 483 494 596 603 622 701 859 899 945 961
407 15 103 108 139 181 297 305 333 336 386 510 724 739 763 784 852 975 981
408 69 128 141 190 192 255 338 341 362 366 401 507 597 856 908 954
409 15 103 214 225 244 249 258 286 293 413 541 559 674 823 839 841 854
410 43 76 134 135 140 270 334 523 577 579 768 808 809 940
411 42 48 93 113 129 132 218 529 575 602 607 681 700 786 817 902 912 978
412 80 133 135 140 270 334 379 499 509 523 552 809 819 842 870 887
413 15 103 108 200 214 225 244 258 293 409 541 559 724 739 839 854
414 516 542 746 797
415 13 53 208 234 290 315 397 448 665 673 682 685 711 775 926 951
416 63 88 229 262 275 325 370 393 432 478 601 683 712 829 838 942 959
417 38 59 83 251 339 381 540 589 632 702 747 800 805 890 891 901
418 149 183 266 354 356 359 368 387 566 695 733 946 962 966 972
419 45 97 165 177 231 650 670 680 746 748 815 858 894 963 970
420 3 63 87 224 265 405 431 435 568 581 703 705 742 796 829 883 931
421 126 242 252 316 361 384 539 544 553 555 599 658 704 729 792 864 917 999
422 34 74 100 259 344 351 385 461 497 537 642 646 698 857 898 988
423 41 44 158 240 365 451 483 526 543 560 716 840 859 962 984
424 77 89 118 229 465 481 620 675 683 697 712 791 892
425 5 98 112 145 233 299 376 564 570 585 610 721 781 884 893 921 924 986
426 37 189 204 372 455 511 524 531 569 572 604 630 732 802 876 895 903 922
427 20 39 102 119 132 182 185 218 267 342 529 766 817 902 930 944
428 27 32 199 212 223 271 292 395 444 473 485 569 625 732 848 914
429 23 157 159 203 317 337 438 503 545 548 567 618 664 671 745 772
430 61 84 94 148 168 296 347 476 487 803 877 909
431 3 63 224 265 304 325 405 420 568 581 705 796 829 838 883 931
432 88 229 262 275 370 393 416 601 683 712 776 791 892 959
433 31 49 111 169 180 202 343 443 475 495 580 668 741 761 976
434 26 105 239 261 291 319 324 561 594 612 648 686 734 790 861 886 915 997
435 184 251 265 420 540 581 641 703 727 747 752 794 872 901 931 958
436 25 125 165 173 235 280 526 543 560 598 680 773 846 858 869 963 984
437 201 236 279 623 645 693 833 843 906 987
438 7 155 157 159 203 307 314 429 457 501 503 567 635 671 720 745 772
439 49 86 95 162 180 238 269 294 475 489 498 512 580 710 731 875 918 968 976
440 107 110 130 211 345 363 514 563 587 626 657 687 798 816 897 953 983
441 1 64 133 192 255 358 522 533 552 588 597 715 842 908 954 1000
442 12 13 151 170 309 331 360 467 470 500 508 582 775 789 806 896
443 95 111 180 195 202 333 336 380 433 495 580 631 647 741 761 852 975 980
444 6 27 199 204 212 271 283 292 428 473 485 569 732 753 816 848 922
445 44 73 92 158 174 240 308 365 391 406 596 603 701 708 744 859 943
446 8 306 322 466 534 629 718 760 762 862 995
447 91 330 403 493 521 591 600 690 755 879 947 957
448 13 47 53 208 234 312 315 321 415 535 556 673 682 728 775 926 951
449 25 96 156 237 250 263 280 486 519 670 717 769 846 860 925 935
450 81 173 179 289 300 354 359 387 526 532 598 716 733 773 946
451 41 147 240 354 359 365 368 387 423 483 526 543 619 716 840 962
452 35 65 66 102 121 132 166 218 257 525 607 616 933 990
453 24 82 285 323 335 400 527 547 558 667 743 767 793 804 851 868 929 948
454 123 210 227 285 323 388 404 468 472 558 594 777 804 851 861 960
455 27 37 189 204 287 372 426 471 485 524 531 569 572 630 732 753 895 903 922
456 22 29 62 85 116 346 348 504 578 628 666 831 844 866 928 994
457 7 34 58 157 159 277 307 375 438 671 698 720 730 905
458 43 142 152 217 254 330 352 374 474 493 521 595 770 774 808 879 971
459 89 209 252 272 465 482 613 615 658 679 697 704 726 801 967
460 55 131 187 188 225 244 293 304 392 464 520 541 549 586 823 841
461 9 37 74 137 351 372 385 389 422 511 518 537 642 646 802 898 903 965
462 217 226 295 313 595 722 825 835 863 934
463 110 163 209 211 272 316 539 563 613 657 658 660 669 878 897 953 967
464 3 51 55 131 213 304 392 405 460 520 549 586 705 796 824 904
465 77 87 89 229 424 459 675 679 683 697 712 742 801 919
466 8 264 306 446 534 629 718 760 762 799 862 979 995
467 13 138 170 216 290 309 397 442 500 778 789 806 926 951
468 261 285 323 324 371 454 513 594 643 777 836 851 861 868 960
469 42 80 82 93 153 172 227 256 484 558 602 700 757 786 936 948 964
470 38 276 331 360 442 508 540 582 702 727 752 794 806 890 896 982
471 122 189 287 345 353 363 455 491 524 531 630 783 822 880 895 922 973
472 123 210 243 270 334 388 404 454 499 577 809 870 887 940
473 6 14 30 107 223 271 292 326 332 428 444 557 651 684 816 848
474 43 76 91 134 142 330 352 458 493 579 690 755 768 770 808 879 971
475 31 49 86 169 180 343 433 439 489 538 580 668 736 741 788 875 911 976
476 61 94 127 148 168 220 296 298 347 350 430 487 517 750 813 909 916
477 18 64 128 141 143 192 234 267 565 588 597 665 685 711 715 837 1000
478 88 114 205 215 325 349 370 398 416 601 617 735 765 787 838 932 942 959
479 74 75 164 329 377 496 497 676 692 857 974 988 993
480 193 212 223 274 378 395 505 593 625 707 737 811 914
481 89 118 219 369 424 536 620 633 675 683 697 712 729 780 791 892
482 72 87 184 209 383 459 615 641 679 703 726 742 801 872 931 958
483 41 147 154 240 365 368 406 423 451 619 621 622 716 840 899 962
484 80 82 93 123 172 227 256 335 469 558 757 804 887 929 936 948 964
485 6 27 107 204 271 283 287 428 444 455 569 687 732 753 816 848 922
486 25 96 125 235 237 250 263 280 449 519 670 769 846 860 869 925 935 963
487 84 127 168 222 228 246 296 347 430 476 590 634 750 803 909
488 81 396 516 532 554 624 640 746 782 828 970
489 49 86 310 439 475 498 512 538 573 605 788 871 875 968 976
490 81 300 356 554 624 672 695 733 782 946 952 992
491 189 277 344 372 385 471 531 548 618 822 832 895 898 903 905
492 35 66 68 121 191 221 241 373 525 653 656 867 873 937 944 945 990
493 91 217 330 352 403 447 458 474 521 595 690 825 835 863 879
494 17 78 92 109 160 191 221 303 373 391 406 603 622 653 701 873 937 945 961
495 31 111 169 180 195 202 336 343 380 433 443 580 668 741 761 980
496 75 164 301 377 479 676 692 974 988 993
497 36 74 100 164 259 351 377 422 479 642 646 677 692 857 965 988
498 86 90 162 238 294 357 439 489 512 605 638 821 871 968 979
499 80 123 210 227 256 270 334 388 404 412 472 757 809 819 870 887
500 12 13 138 151 170 216 290 309 397 442 467 713 789 847 896
501 7 17 92 109 155 160 174 303 307 314 391 438 596 635 720 730 745 834
502 2 40 54 73 96 104 158 280 284 308 519 574 699 754 769 925 950 998
503 21 23 155 159 203 337 429 438 567 635 655 664 745 772
504 29 33 67 85 116 299 328 456 592 611 666 691 849 866 889
505 32 193 199 212 395 480 593 625 914 985
506 171 206 550 591 659 686 689 874 881 923 927 947
507 52 69 146 167 255 273 338 341 358 401 408 576 749 756 908 920 954
508 12 51 151 170 213 331 442 470 540 581 582 727 794 896 904
509 1 135 140 146 167 273 358 379 412 523 552 719 842 908 920
510 15 95 103 181 200 269 297 302 333 336 407 647 714 724 739 761 784 852 975
511 9 37 351 372 385 389 426 461 518 537 604 802 895 898 903
512 49 86 90 162 238 439 489 498 605 638 710 788 871 875 918 968 976
513 261 323 324 371 468 643 836 868 960
514 6 107 110 130 211 271 283 287 345 363 440 557 626 657 687 753 816 897 953 983
515 4 24 50 82 93 113 172 197 602 681 743 855 882 900 929 936 948 949
516 177 396 414 488 542 640 746 748 797 828 970
517 4 16 94 115 117 127 148 168 220 296 298 340 347 350 476 750 813 900 916
518 9 37 74 137 351 385 389 461 511 537 604 642 709 802 903 913 965
519 2 25 75 96 156 237 250 263 280 449 486 502 699 717 769 846 925 935 950
520 55 131 187 213 304 392 405 460 464 549 586 705 796 827 841
521 217 330 352 403 447 458 493 595 690 835 863 879
522 1 48 64 133 153 182 268 441 529 533 700 715 766 837 902 912 1000
523 43 134 135 140 142 146 167 273 334 379 410 412 509 719 808 809
524 37 122 189 204 287 363 372 426 455 471 531 569 630 753 822 895 903 922
525 35 66 78 121 191 221 241 257 452 492 609 616 653 725 867 873 899 933 941 945 977 990
526 173 235 365 387 423 436 450 451 543 560 716 984
527 24 323 400 453 547 643 667 758 767 793 795 836 851 868
528 14 60 144 253 332 355 623 649 651 694 738 771 779 807 910 938
529 42 48 182 185 218 268 411 427 522 700 766 786 817 837 902 912
530 33 67 99 305 327 386 592 614 631 691 764 849 889 980 981
531 122 189 287 353 372 426 455 471 491 524 630 822 895 922 973
532 81 179 289 300 396 450 488 554 598 624 640 680 748 773 782 828 970 992
533 1 48 64 133 192 268 441 522 552 715 766 819 837 842 908
534 264 306 320 382 394 446 466 629 718 760 762 799 821 862 907 979 995
535 13 47 57 245 247 276 321 360 448 556 571 636 662 673 682 775 806 926
536 118 369 384 481 555 599 620 729 780 792
537 34 74 100 344 351 372 385 422 461 511 518 642 646 832 898 903
538 31 86 169 310 475 489 573 580 668 736 788 875 911 976 989
539 126 163 211 272 316 421 463 553 584 613 658 660 669 864 878 938 967
540 38 184 251 331 417 435 470 508 581 582 702 727 747 752 794 890 901 982
541 136 178 187 225 244 293 318 392 409 413 460 559 812 823 827 839 841 956
542 177 396 414 516 746 748 797 815 894
543 40 44 158 173 235 240 308 365 423 436 451 526 560 716 869 984
544 126 144 242 311 316 361 402 421 553 584 637 792 807 864 917 969 999
545 19 59 203 288 317 337 353 429 548 589 632 664 772 783 805 880 888 973
546 71 103 136 200 260 297 302 318 559 652 661 714 731 839 956
547 24 323 400 453 527 627 667 743 758 767 793 795 851 868 929 949
548 157 159 203 277 317 353 429 491 545 618 772 783 822 832
549 55 178 187 205 224 304 349 392 405 460 464 520 705 812 827 838 841
550 171 206 506 686 734 874 881 927 955
551 84 183 207 228 266 281 399 566 740 803 877 909 966
552 1 133 135 268 358 379 412 441 509 533 819 842
553 126 242 252 316 361 402 421 539 544 584 599 637 792 864 917 999
554 81 289 396 488 490 532 624 640 782 828 992
555 89 118 126 252 361 369 384 421 536 599 620 704 729 792 917
556 47 53 57 245 247 321 360 448 535 571 636 655 662 673 682 775 814
557 6 14 30 107 110 163 211 271 283 326 332 473 514 669 687 816 848 897
558 82 123 227 256 285 335 404 453 454 469 484 793 804 851 887 929 936 948
559 15 71 103 136 200 244 297 409 413 541 546 661 724 839 956
560 25 40 158 173 235 365 423 436 526 543 716 869 984
561 120 210 239 243 388 434 577 594 648 777 790 861 886 915 960 997
562 32 193 199 232 572 732 751 785 820 876 914 985
563 110 130 209 211 383 440 463 587 613 657 660 669 798 878 897 953 967
564 5 15 108 139 145 214 258 286 299 425 585 721 739 763 784 854 893 924
565 18 20 64 182 185 234 267 315 477 588 665 685 711 715 837 1000
566 149 183 207 266 281 356 399 418 551 672 695 733 740 952 966
567 21 23 159 203 314 429 438 503 635 655 664 745 814 834
568 63 224 229 265 325 393 405 420 431 705 742 829 838 883 919 931
569 27 204 283 287 426 428 444 455 485 524 572 630 732 753 922
570 70 98 112 176 186 233 338 362 425 610 644 723 818 884 921 924 986
571 38 83 245 247 276 360 381 535 556 582 636 655 662 664 888 982
572 27 32 37 199 204 232 426 455 562 569 604 732 751 820 876
573 310 489 538 605 736 788 871 875 989
574 2 36 75 96 104 164 259 284 502 676 677 692 754 857 950 993 998
575 65 113 129 132 166 218 411 602 607 681 786 817 855 912 939 978
576 52 56 150 152 186 254 338 341 507 644 723 749 756 810
577 76 120 210 243 270 334 388 390 410 472 561 579 809 886 940
578 22 29 62 98 150 176 295 346 348 456 610 644 654 722 759 781 844 921 928 934
579 76 91 120 134 243 334 390 410 474 577 659 755 768 808 923 940 947
580 31 49 86 95 169 180 343 433 439 443 475 495 538 668 710 741 761 875 976
581 3 213 265 405 420 431 435 508 540 703 727 752 794 796 901 904
582 38 276 331 360 442 470 508 540 571 662 702 727 775 789 806 890 896 982
583 21 46 47 57 68 160 194 198 247 321 364 373 656 728 814 834
584 126 144 163 253 316 332 402 539 544 553 637 669 771 807 864 878 938
585 5 70 112 214 233 249 258 286 376 425 564 674 696 721 853 893 924
586 12 51 55 131 151 175 188 213 304 460 464 520 678 713 796 823 824 904
587 72 110 130 161 209 383 440 563 615 657 660 798 865 872 953 958
588 18 64 128 141 143 190 192 441 477 565 597 665 685 711 715 837 954 1000
589 19 38 59 83 203 245 317 337 381 417 545 632 664 805 888 891
590 11 106 147 149 183 207 222 228 246 266 368 487 634 803 826 909 972 996
591 91 171 447 506 600 659 690 755 874 927 947 957
592 33 67 116 327 504 530 666 691 889
593 212 223 274 378 395 480 505 625 684 707 737 811 845 885
594 105 210 261 324 371 434 454 468 561 648 777 790 861 915 960
595 217 313 352 374 458 462 493 521 722 774 825 835 863 879
596 7 17 73 92 174 391 406 445 501 603 701 708 730 744 859 943
597 18 64 128 141 190 192 255 358 401 408 441 477 588 715 908 920 954 1000
598 97 125 165 173 179 289 436 450 532 680 773 858 869 970
599 242 252 361 384 421 536 553 555 729 792 917 999
600 91 171 330 403 447 591 659 690 755 768 879 927 947 957
601 88 114 229 275 325 349 370 393 398 416 432 478 617 765 787 838 932 942 959
602 42 50 93 113 172 197 411 469 515 575 681 786 855 882 936 948 978
603 17 41 78 92 109 240 391 406 445 494 596 622 701 859 873 943 945 961
604 9 37 204 232 426 511 518 572 709 785 802 820 876 895 903
605 86 90 162 357 489 498 512 573 638 871 968
606 28 131 175 188 225 230 249 674 678 696 713 823 824 847 853
607 65 66 102 113 129 132 166 218 411 452 575 616 817 933 978
608 117 148 220 298 350 627 758 813 991
609 11 65 121 166 222 241 246 257 282 525 616 639 725 826 933 941 977
610 29 98 112 176 186 233 348 425 570 578 644 654 721 723 781 884 921 924 986
611 29 67 85 145 299 328 504 666 691 721 763 781 849 866 889
612 26 105 239 291 319 324 367 434 706 734 790 915 997
613 209 252 272 383 459 463 539 563 615 658 660 704 726 801 878 967
614 33 67 99 139 181 305 327 380 386 530 631 764 849 889 975 980 981
615 72 87 209 383 459 482 587 613 641 660 679 726 801 872 958
616 65 121 129 166 241 257 282 452 525 607 609 639 826 933 939 977
617 178 205 215 278 318 349 382 398 478 601 735 765 787 812 827 907 932 942 995
618 157 159 189 277 317 344 353 429 491 548 772 822 832 905
619 11 41 106 147 154 368 451 483 621 622 725 840 899 941 962 972 996
620 89 118 252 369 384 424 481 536 555 675 697 704 729 780 791 792
621 11 41 78 106 147 154 241 483 619 622 725 826 840 873 899 941 977 996
622 41 78 154 240 391 406 483 494 603 619 621 701 859 873 899 941 945 961
623 60 201 236 355 437 528 645 649 663 693 694 738 779 843 845 906 910
624 81 289 300 356 488 490 532 554 672 733 782 992
625 199 212 223 274 292 395 428 480 505 593 684 737 811 848 885 914
626 19 122 130 288 339 345 363 440 514 632 657 798 865 880 953 973 983
627 4 24 50 117 350 400 547 608 667 743 758 813 949 991
628 22 85 116 456 666 831 844 928 994
629 8 114 306 322 382 398 446 466 534 718 735 762 765 787 932 995
630 122 189 283 287 345 353 363 426 455 471 524 531 569 687 753 822 895 922 973
631 99 181 195 202 305 333 336 380 386 443 530 614 764 852 975 980 981
632 19 59 288 337 339 381 417 545 589 626 783 800 805 865 880 891
633 118 219 262 369 481 683 688 780 791 892
634 11 84 106 168 207 222 228 246 266 282 347 487 590 750 803 826 909
635 21 23 155 198 303 314 438 501 503 567 655 745 814 834
636 21 23 47 57 83 245 247 276 360 535 556 571 655 662 664 673 814 888
637 144 242 311 355 361 402 544 553 584 779 807 864 917 969 999
638 90 162 264 357 498 512 605 821 862 968 979
639 16 65 129 166 222 257 282 340 347 609 616 750 826 855 933 939 978
640 396 488 516 532 554 746 782 797 828
641 72 87 161 184 265 435 482 615 679 703 742 747 872 901 931 958
642 74 100 259 344 351 377 385 422 461 497 518 537 646 692 857 898 965 988
643 323 468 513 527 793 795 836 868
644 56 98 150 176 186 338 570 576 578 610 654 723 810 884 921 986
645 60 201 236 274 378 437 623 649 693 694 707 738 833 843 845 885 906 910 987
646 34 100 259 277 344 375 385 422 461 497 537 642 698 832 857 898 905
647 95 180 195 200 269 297 302 333 336 443 510 710 714 724 731 741 761 852 975
648 120 239 243 388 434 561 594 686 689 790 861 886 915 923 997
649 60 144 253 355 528 623 645 651 663 693 694 738 771 779 807 845 910
650 45 97 125 165 177 231 419 670 680 815 846 858 894 963
651 6 14 30 60 223 253 292 326 332 473 528 649 684 694 771 885 910 938
652 71 136 260 269 278 294 302 320 394 546 661 710 731 799 821 850 907 918 956
653 35 68 109 160 191 194 221 364 373 492 494 525 656 867 937 944 945 990
654 29 56 62 98 150 176 186 346 348 578 610 644 759 810 921
655 21 23 57 83 245 247 503 556 567 571 635 636 662 664 814 834 888
656 35 46 68 160 191 194 198 364 373 492 583 653 728 867 937 944
657 107 110 130 209 211 383 440 463 514 563 587 626 660 687 798 897 953 983
658 126 252 272 316 421 459 463 539 613 660 704 726 864 878 967
659 91 120 171 390 506 579 591 600 689 755 768 874 923 927 947
660 110 209 211 272 383 463 539 563 587 613 615 657 658 669 726 878 953 967
661 71 136 200 260 269 297 302 320 394 546 559 652 710 714 731 850 918 956
662 38 47 83 245 247 276 360 535 556 571 582 636 655 673 775 806 982
663 311 355 623 649 693 738 779 807 906 969
664 23 59 83 203 245 317 337 429 503 545 567 571 589 636 655 772 805 888
665 18 141 143 216 234 248 290 315 397 415 477 565 588 685 711 778 926 951
666 29 33 85 116 346 456 504 592 611 628 691 831 866 889 928
667 24 50 82 335 400 453 527 547 627 743 758 767 793 851 929 948 949
668 31 49 86 169 180 343 433 475 495 538 580 736 741 875 911 976
669 6 14 30 107 110 163 211 316 332 463 539 557 563 584 660 878 897 938
670 45 125 165 231 237 419 449 486 650 846 860 935 963
671 7 34 155 157 159 277 307 375 429 438 457 720 730 745 905
672 281 356 490 566 624 695 733 952 992
673 13 47 53 247 321 360 415 448 535 556 636 662 682 775 806 926
674 188 214 225 249 258 286 293 376 409 585 606 696 823 853 854 893
675 89 118 252 424 465 481 620 683 697 704 712 729 780 791
676 75 164 301 377 479 496 574 692 717 950 974 993
677 34 36 58 100 104 164 259 284 375 497 574 698 730 744 754 857 998
678 28 55 131 151 175 188 225 230 249 586 606 713 823 824 847 853
679 77 87 459 465 482 615 641 697 726 742 801 919 931 958
680 97 125 165 177 179 289 396 419 436 532 598 650 748 773 828 858 970
681 16 50 93 113 115 129 172 197 411 515 575 602 786 855 882 900 939 978
682 13 47 53 208 234 290 315 415 448 535 556 673 775 806 926 951
683 77 229 262 370 416 424 432 465 481 633 675 697 712 791 892
684 14 60 223 253 274 292 326 473 593 625 651 694 811 845 848 885 910
685 18 20 39 182 185 208 234 267 315 415 477 565 588 665 711 837 930 951 1000
686 120 171 206 239 319 434 506 550 648 689 734 874 881 886 923 955 997
687 6 107 110 122 271 283 287 345 363 440 485 514 557 630 657 753 816 897 922 983
688 196 219 262 275 633 776 892
689 120 171 239 243 390 506 648 659 686 874 881 886 923 997
690 91 330 352 403 447 474 493 521 591 600 755 768 879 947 957
691 33 67 85 116 327 328 386 504 530 592 611 666 849 889
692 36 74 75 100 164 377 479 496 497 574 642 676 857 974 988 993
693 201 355 437 623 645 649 663 738 779 843 906
694 14 60 223 253 274 326 528 623 645 649 651 684 771 811 845 885 910
695 149 183 281 300 354 356 359 387 418 490 566 672 733 946 952 966 992
696 70 112 188 230 233 249 286 376 585 606 674 853 893 924
697 77 89 272 424 459 465 481 620 675 679 683 704 726 729 801
698 34 36 58 100 259 284 307 344 375 422 457 646 677 730 857 905
699 2 25 40 44 54 73 96 158 235 280 308 502 519 708 754 769 925 984 998
700 42 48 93 113 133 153 268 411 469 522 529 766 786 817 902 912 964
701 41 44 92 240 308 365 391 406 445 494 596 603 622 708 859 943 961
702 38 59 83 251 276 381 417 470 540 582 727 747 752 800 890 891 901 982
703 87 184 265 420 435 482 581 641 742 752 872 883 901 931 958
704 89 126 252 272 421 459 555 613 620 658 675 697 726 729 792 801 967
705 3 205 224 304 392 405 420 431 464 520 549 568 796 827 829 838
706 26 124 291 319 367 612 734 830
707 60 236 274 378 480 593 645 737 811 833 845 885
708 44 54 73 158 174 308 445 596 699 701 744 754 859 943
709 9 232 389 518 604 751 785 802 913
710 49 86 95 162 180 238 269 294 302 439 512 580 647 652 661 714 731 741 761 850 918 968
711 18 20 141 143 208 234 267 290 315 415 477 565 588 665 685 778 837 951 1000
712 63 77 229 262 370 393 416 424 432 465 481 675 683 791 892 919
713 12 28 51 131 138 151 170 175 188 309 500 586 606 678 824 847
714 95 103 200 269 297 302 333 336 510 546 647 661 710 724 731 761 852
715 1 18 64 128 141 182 192 441 477 522 533 565 588 597 837 908 954 1000
716 173 354 359 368 387 423 450 451 483 526 543 560 840 962
717 2 75 96 156 164 250 263 301 449 519 676 935 950 974 993
718 8 306 322 446 466 534 629 762 932
719 43 52 134 135 140 142 146 152 167 273 509 523 756 770 808 971
720 7 155 157 159 174 303 307 314 375 438 457 501 671 730 745
721 5 29 98 112 145 299 328 425 564 585 610 611 781 866 884 893 921 924
722 56 62 150 217 226 295 313 374 462 578 595 759 774 825 835 844 934
723 10 69 70 112 186 233 338 341 362 366 570 576 610 644 818 884 986
724 15 103 108 181 200 297 333 407 413 510 559 647 714 739 784 852 975
725 11 78 106 147 154 221 241 246 257 525 609 619 621 826 873 899 941 977 996
726 209 272 383 459 482 613 615 658 660 679 697 704 801 958 967
727 3 251 265 331 435 470 508 540 581 582 702 752 794 890 896 901 904 982
728 39 46 47 53 57 68 119 194 208 312 321 364 448 583 656 944
729 89 118 126 252 272 384 421 481 536 555 599 620 675 697 704 792
730 7 58 73 92 174 284 307 375 457 501 596 671 677 698 720 744 754 943
731 95 162 180 238 260 269 294 302 394 439 546 647 652 661 710 714 850 918
732 27 32 199 204 426 428 444 455 485 562 569 572 820 876 914
733 81 281 289 300 354 356 387 418 450 490 566 624 672 695 782 946 952 992
734 26 124 206 239 319 367 434 550 612 686 706 881 955 997
735 178 215 278 306 318 349 382 398 478 617 629 765 787 799 907 932 942 995
736 31 169 310 475 538 573 668 788 875 911 989
737 274 378 395 480 593 625 707 811 845
738 60 144 201 311 355 528 623 645 649 663 693 771 779 807 906 910
739 15 103 108 139 181 214 297 407 413 510 564 724 763 784 852 854 981
740 84 207 281 399 551 566 877 952 966
741 49 95 169 180 195 202 336 343 433 443 475 495 580 647 668 710 761 976
742 63 77 87 229 393 420 465 482 568 641 679 703 801 883 919 931
743 4 24 50 82 117 172 335 400 453 515 547 627 667 882 900 929 936 948 949
744 7 54 58 73 104 174 284 307 375 445 596 677 708 730 754 943
745 21 23 155 159 203 314 429 438 501 503 567 635 671 720 834
746 97 177 396 414 419 488 516 542 640 748 797 815 828 970
747 72 161 184 251 339 417 435 540 641 702 752 800 872 891 901 958
748 97 177 179 396 419 516 532 542 680 746 797 815 828 894 970
749 52 146 152 167 254 255 273 341 401 507 576 756 810 920
750 16 115 127 168 222 282 296 298 340 347 476 487 517 634 639 900 916 939
751 32 232 562 572 709 785 820 876 985
752 184 251 265 435 470 540 581 702 703 727 747 794 890 901
753 27 204 271 283 287 363 444 455 485 514 524 569 630 687 816 922
754 2 54 58 73 104 284 308 502 574 677 699 708 730 744 943 998
755 76 91 120 171 330 390 447 474 579 591 600 659 690 768 923 947
756 52 142 146 152 167 254 273 341 507 576 719 749 774 810 920 971
757 42 80 93 123 133 153 227 256 268 469 484 499 819 870 887 936 964
758 24 117 400 527 547 608 627 667 767 991
759 56 62 150 176 254 295 313 346 374 578 654 722 774 810 825 844 934
760 90 264 306 357 394 446 466 534 762 799 821 862 979 995
761 49 95 180 195 202 269 333 336 433 443 495 510 580 647 710 714 741 852 975
762 8 264 306 382 446 466 534 629 718 760 799 862 932 995
763 5 15 108 139 145 181 214 299 328 386 407 564 611 739 784 849 893 981
764 99 111 195 202 305 327 380 530 614 631 980
765 8 88 114 275 306 322 349 370 382 398 478 601 617 629 735 787 932 942 959
766 48 64 182 185 267 268 427 522 529 533 700 817 837 902 912 1000
767 24 323 335 400 453 527 547 667 758 793 795 851 868 929
768 76 91 134 330 352 390 410 474 579 600 659 690 755 808 940 947
769 2 25 40 96 235 237 250 280 449 486 502 519 699 846 869 925 950
770 43 76 134 142 152 217 273 330 352 458 474 719 774 808 971
771 14 30 144 163 253 326 332 355 402 528 584 649 651 694 738 779 807 910 938
772 157 159 203 277 317 337 353 429 438 503 545 548 618 664 783 822
773 81 173 179 289 300 387 436 450 532 598 680 858 946 970
774 52 56 142 150 152 217 254 273 352 374 458 595 722 756 759 770 810 825 971
775 13 47 276 290 360 415 442 448 535 556 582 662 673 682 789 806 926
776 88 114 196 219 262 275 370 432 688 892
777 210 261 285 388 404 454 468 561 594 804 861 915 960
778 18 79 141 143 216 248 290 315 397 467 665 711 856 951
779 144 311 355 402 528 623 637 649 663 693 738 771 807 969
780 118 219 369 481 536 620 633 675 791 892
781 5 29 85 98 145 176 299 328 346 348 425 578 610 611 721 866 884 921
782 81 179 289 300 396 488 490 532 554 624 640 733 828 970 992
783 19 59 122 288 317 337 345 353 471 545 548 632 772 805 822 880 973
784 15 108 139 145 181 214 305 328 386 407 510 564 724 739 763 849 852 975 981
785 9 232 562 604 709 751 802 820 876 913 985
786 42 48 93 113 153 172 218 411 469 529 575 602 681 700 882 912 964 978
787 88 114 205 215 306 349 382 398 478 601 617 629 735 765 932 942 959 995
788 31 86 310 475 489 512 538 573 736 871 875 911 976 989
789 13 170 290 309 331 360 397 442 467 500 582 775 806 896 926
790 26 105 239 261 291 319 324 371 434 561 594 612 648 861 915 960
791 118 219 262 369 424 432 481 620 633 675 683 712 780 892
792 126 242 252 361 384 421 536 544 553 555 599 620 704 729 864 917
793 82 285 323 335 453 527 547 558 643 667 767 795 804 836 851 868 929
794 3 12 51 213 265 435 470 508 540 581 727 752 796 896 904
795 323 527 547 643 767 793 836 868
796 3 51 55 213 304 405 420 431 464 520 581 586 705 794 904
797 177 396 414 516 542 640 746 748 815
798 72 130 161 209 339 383 440 563 587 626 657 800 865 872 953 958
799 215 260 264 278 294 306 320 382 394 466 534 652 735 760 762 821 850 907 995
800 59 72 161 184 251 339 417 632 702 747 798 865 872 891 901 958
801 77 87 89 272 459 465 482 613 615 679 697 704 726 742
802 9 37 232 385 389 426 461 511 518 604 709 785 876 903 913
803 84 168 207 222 228 246 266 296 347 430 487 551 590 634 909
804 123 210 227 256 285 323 335 404 453 454 484 558 777 793 851 887
805 19 59 288 317 337 339 381 417 545 589 632 664 783 880 888 891
806 13 170 276 331 360 442 467 470 535 582 662 673 682 775 789 896 926 982
807 144 311 355 402 528 544 584 637 649 663 738 771 779 938 969 999
808 43 76 134 140 142 273 330 352 410 458 474 523 579 719 768 770 971
809 80 135 140 270 334 379 404 410 412 472 499 523 577 819 870 887 940
810 52 56 150 152 176 186 254 338 341 374 576 644 654 749 756 759 774
811 60 212 223 274 292 395 480 593 625 684 694 707 737 845 885
812 71 136 178 187 215 244 278 318 392 541 549 617 827 839 841 956
813 4 16 50 115 117 127 148 197 220 298 350 476 517 608 627 900 916 949
814 21 47 57 160 194 198 247 314 321 364 556 567 583 635 636 655 834
815 45 97 177 396 419 542 650 746 748 797 894
816 6 107 110 271 283 287 363 440 444 473 485 514 557 687 753 848 897 983
817 48 102 132 182 185 218 411 427 529 575 607 700 766 902 912 930
818 10 69 70 101 112 186 233 338 362 366 376 570 723 884 924 986
819 1 80 133 135 153 256 268 379 412 499 533 552 757 809 842 870 887 964
820 27 32 199 204 232 562 572 604 732 751 785 876 914 985
821 90 162 238 264 294 320 357 394 498 534 638 652 760 799 850 862 918 968 979
822 122 189 277 317 353 471 491 524 531 548 618 630 772 783 832 973
823 55 131 188 225 244 249 258 293 392 409 460 541 586 606 674 678 841 853
824 12 51 55 131 151 170 175 188 213 309 464 586 606 678 713 847 896
825 56 217 226 295 313 374 462 493 595 722 759 774 835 863 934
826 11 106 222 246 257 282 590 609 616 621 634 639 725 977 996
827 178 187 205 215 224 304 318 349 392 520 541 549 617 705 812 838 841 942
828 81 177 179 289 396 488 516 532 554 640 680 746 748 782 970
829 63 205 224 229 325 393 405 416 420 431 568 705 838 883 919 942 959
830 124 367 706 955
831 22 116 226 295 346 456 628 666 844 928 934 994
832 34 157 189 277 344 372 385 491 537 548 618 646 822 898 905
833 201 236 279 378 437 645 707 843 845 987
834 21 57 155 160 198 247 303 314 364 373 501 567 583 635 655 745 814
835 217 313 462 493 521 595 722 825 863
836 261 285 323 371 468 513 527 643 793 795 851 868 960
837 18 20 64 182 185 267 477 522 529 533 565 588 685 711 715 766 902 1000
838 63 205 224 325 349 393 405 416 431 478 549 568 601 705 827 829 942 959
839 103 136 187 200 225 244 293 318 409 413 541 546 559 812 841 956
840 41 106 147 154 359 368 423 451 483 619 621 716 962 972 996
841 55 131 187 225 244 293 392 409 460 520 541 549 812 823 827 839
842 1 133 135 146 167 192 255 358 379 412 441 509 533 552 819 908 920
843 201 236 279 437 623 645 693 833 906 987
844 22 29 62 85 226 295 346 348 456 578 628 722 759 831 928 934 994
845 60 236 274 378 593 623 645 649 684 694 707 737 811 833 885 910
846 25 125 165 231 235 237 280 436 449 486 519 650 670 769 858 860 869 935 963
847 28 79 101 138 151 175 216 230 309 500 606 678 713 824
848 6 27 107 212 223 271 283 292 326 428 444 473 485 557 625 684 816
849 33 67 139 145 181 305 328 386 504 530 611 614 691 763 784 889 981
850 71 162 238 260 264 269 294 302 320 394 652 661 710 731 799 821 907 918
851 82 227 285 323 335 453 454 468 527 547 558 667 767 793 804 836 868 929
852 103 139 181 195 297 305 333 336 407 443 510 631 647 714 724 739 761 784 975 981
853 28 175 188 225 230 249 286 376 585 606 674 678 696 823
854 15 103 108 214 225 244 258 286 409 413 564 674 739 893
855 16 113 115 129 166 197 340 515 575 602 639 681 882 900 916 939 978
856 10 18 69 79 101 128 141 143 190 248 362 366 408 778 954
857 36 74 100 104 164 259 284 377 422 479 497 574 642 646 677 692 698 988
858 25 97 125 165 173 179 419 436 598 650 680 773 846 869 963 970
859 41 44 73 158 240 308 365 391 406 423 445 596 603 622 701 708 943
860 231 237 250 263 449 486 670 846 935 963
861 210 243 261 285 324 388 434 454 468 561 594 648 777 790 886 915 960
862 264 357 446 466 534 638 760 762 821 979
863 217 403 462 493 521 595 825 835 879
864 126 144 163 242 252 316 361 402 421 539 544 553 584 637 658 792 878 938
865 19 59 72 130 161 288 339 345 587 626 632 798 800 872 880 891 953
866 29 85 98 145 299 328 346 348 456 504 611 666 721 781 889 921
867 35 46 66 68 102 119 121 191 194 221 342 364 373 492 525 653 656 944 990
868 285 323 453 468 513 527 547 643 767 793 795 836 851
869 25 40 125 165 235 280 436 486 543 560 598 769 846 858 963 984
870 80 123 135 227 256 270 334 379 404 412 472 499 757 809 819 887
871 86 310 489 498 512 573 605 788 875 968
872 72 161 184 251 339 383 435 482 587 615 641 703 747 798 800 865 901 958
873 78 154 191 221 241 492 494 525 603 621 622 725 899 937 941 945 961 977 990
874 120 171 206 390 506 550 591 659 686 689 881 886 923 927 947 997
875 31 49 86 169 310 439 475 489 512 538 573 580 668 736 788 871 911 976
876 27 32 37 199 204 232 426 562 572 604 732 751 785 802 820 985
877 61 84 207 399 430 551 740 909
878 30 110 163 211 316 332 463 539 563 584 613 658 660 669 864 897 938 967
879 91 217 330 352 403 447 458 474 493 521 595 600 690 863
880 19 122 130 288 345 353 363 471 545 626 632 783 805 865 973 983
881 124 171 206 239 319 506 550 686 689 734 874 927 955 997
882 4 16 50 93 113 115 172 197 515 602 681 743 786 855 900 948 949 978
883 63 77 87 265 393 405 420 431 568 703 742 829 919 931
884 5 98 112 176 186 233 425 570 610 644 721 723 781 818 921 924 986
885 60 223 253 274 292 326 593 625 645 651 684 694 707 811 845 910
886 120 239 243 388 390 434 561 577 648 686 689 861 874 915 923 997
887 80 123 227 256 270 404 412 472 484 499 558 757 804 809 819 870
888 23 38 59 83 203 245 337 381 545 571 589 636 655 664 805
889 33 67 85 139 145 328 386 504 530 592 611 614 666 691 849 866
890 38 83 251 276 331 360 381 417 470 540 582 702 727 752 901 982
891 19 59 161 251 288 339 381 417 589 632 702 747 800 805 865 901
892 219 262 370 424 432 481 633 683 688 712 776 780 791
893 5 108 145 214 258 286 425 564 585 674 696 721 763 854 924
894 45 97 177 419 542 650 748 815
895 37 189 204 372 385 426 455 471 491 511 524 531 604 630 898 903 922
896 12 51 151 170 331 442 470 500 508 582 727 789 794 806 824
897 6 30 107 110 163 211 271 440 463 514 557 563 657 669 687 816 878 953
898 34 189 277 344 372 385 422 461 491 511 537 642 646 832 895 903 905
899 11 41 78 154 221 241 406 483 525 619 621 622 725 873 941 945 961 977 996
900 4 16 50 115 117 127 197 298 340 515 517 681 743 750 813 855 882 916 939 949
901 184 251 265 417 435 540 581 641 702 703 727 747 752 800 872 890 891
902 20 48 132 182 185 218 267 411 427 522 529 700 766 817 837 912 930
903 37 189 372 385 426 455 461 491 511 518 524 537 604 802 895 898
904 3 12 51 213 265 304 405 464 508 581 586 727 794 796
905 34 157 159 277 344 375 457 491 618 646 671 698 832 898
906 201 437 623 645 663 693 738 843 987
907 71 215 260 278 306 318 320 382 394 398 534 617 652 735 799 850 995
908 1 64 128 146 192 255 358 401 408 441 507 509 533 597 715 842 920 954
909 61 84 94 127 168 207 228 296 347 430 476 487 551 590 634 803 877
910 60 253 274 355 528 623 645 649 651 684 694 738 771 845 885
911 31 169 310 343 475 538 668 736 788 875 976
912 42 48 93 113 153 218 268 411 522 529 575 700 766 786 817 902
913 9 137 351 389 518 709 785 802 965
914 27 32 193 199 212 223 292 395 428 480 505 562 625 732 820 985
915 105 239 243 261 319 324 434 561 594 612 648 777 790 861 886 960 997
916 4 16 115 127 168 197 222 298 340 347 476 517 750 813 855 900 939
917 242 361 384 421 544 553 555 599 637 792 969 999
918 49 90 95 162 180 238 269 294 302 394 439 512 652 661 710 731 821 850 968
919 63 77 87 229 325 393 465 568 679 712 742 829 883 931
920 146 167 192 255 273 341 358 401 507 509 597 749 756 842 908 954
921 29 62 98 150 176 186 299 346 348 425 570 578 610 644 654 721 781 866 884
922 27 189 204 283 287 363 426 444 455 471 485 524 531 569 630 687 753 895
923 120 171 243 390 506 579 648 659 686 689 755 874 886 927 947 997
924 5 70 98 112 214 233 286 376 425 564 570 585 610 696 721 818 884 893 986
925 2 25 40 54 96 158 235 250 280 449 486 502 519 699 769 950 984 998
926 13 290 315 397 415 448 467 535 665 673 682 775 789 806 951
927 171 506 550 591 600 659 874 881 923 947 957
928 22 29 62 85 116 226 295 346 348 456 578 628 666 831 844 934 994
929 24 50 82 172 335 400 453 484 515 547 558 667 743 767 793 851 936 948 949
930 20 39 46 102 119 185 234 267 312 342 427 685 817 902 944
931 63 87 184 265 420 431 435 482 568 641 679 703 742 883 919 958
932 8 88 114 306 322 382 398 478 601 617 629 718 735 762 765 787 995
933 65 66 102 121 129 132 166 241 257 282 452 525 607 609 616 639 977 990
934 22 62 226 295 313 346 462 578 722 759 825 831 844 928 994
935 156 231 237 250 263 449 486 519 670 717 846 860
936 42 82 93 172 227 256 335 469 484 515 558 602 743 757 929 948 964
937 17 78 109 160 191 198 221 303 364 373 391 492 494 653 656 873 945 961
938 14 30 144 163 253 316 332 355 402 528 539 584 651 669 771 807 864 878
939 16 115 129 166 197 222 282 340 575 616 639 681 750 855 900 916 978
940 76 120 134 140 243 270 334 388 390 410 472 577 579 768 809
941 11 78 154 221 241 257 525 609 619 621 622 725 873 899 945 961 977 996
942 88 178 205 224 325 349 393 416 478 601 617 735 765 787 827 829 838 959
943 7 58 73 92 174 308 391 445 596 603 701 708 730 744 754 859
944 20 35 39 46 53 66 68 102 119 194 312 342 427 492 653 656 728 867 930
945 17 78 109 191 221 241 373 391 406 492 494 525 603 622 653 873 899 937 941 961
946 81 289 300 354 356 359 387 418 450 490 695 733 773 952 992
947 91 171 390 447 506 579 591 600 659 690 755 768 874 923 927 957
948 24 50 82 93 172 335 453 469 484 515 558 602 667 743 882 929 936 949
949 4 24 50 117 350 400 515 547 627 667 743 813 882 900 929 948 991
950 2 75 96 104 156 164 250 301 502 519 574 676 717 769 925 974 993 998
951 13 143 208 216 234 290 315 397 415 448 467 665 682 685 711 778 926
952 281 356 399 490 566 672 695 733 740 946 966 992
953 72 110 130 161 209 211 383 440 463 514 563 587 626 657 660 798 865 897 983
954 69 128 141 190 192 255 341 358 366 401 408 441 507 588 597 715 856 908 920
955 124 206 319 367 550 686 734 830 881
956 71 103 136 200 244 260 297 302 318 541 546 559 652 661 812 839
957 91 171 403 447 591 600 690 927 947
958 72 87 161 184 383 435 482 587 615 641 679 703 726 747 798 800 872 931
959 88 205 224 229 325 349 370 393 416 432 478 601 765 787 829 838 942
960 210 261 285 323 324 371 454 468 513 561 594 777 790 836 861 915
961 17 41 78 109 154 191 221 391 406 494 603 622 701 873 899 937 941 945
962 106 147 149 354 359 368 387 418 423 451 483 619 716 840 972 996
963 25 45 97 125 165 231 237 419 436 486 650 670 846 858 860 869
964 42 80 93 133 153 172 227 256 268 469 484 700 757 786 819 936
965 9 74 137 329 351 377 389 461 497 518 642 913 988
966 84 149 183 207 228 266 281 356 399 418 551 566 695 740 952 972
967 126 209 211 272 316 383 459 463 539 563 613 658 660 704 726 878
968 49 86 90 162 238 294 357 439 489 498 512 605 638 710 821 871 918 979
969 242 311 355 402 544 637 663 779 807 917 999
970 97 177 179 289 396 419 488 516 532 598 680 746 748 773 782 828 858
971 43 52 56 142 152 217 254 273 352 374 458 474 719 756 770 774 808
972 11 106 147 149 183 207 228 266 359 368 418 590 619 840 962 966 996
973 19 122 287 288 317 345 353 363 471 531 545 626 630 783 822 880
974 75 156 164 301 377 479 496 676 692 717 950 993
975 99 139 181 195 202 305 333 336 386 407 443 510 614 631 647 724 761 784 852 980 981
976 31 49 86 169 180 238 433 439 475 489 512 538 580 668 741 788 875 911
977 11 121 221 241 257 282 525 609 616 621 725 826 873 899 933 941 996
978 16 65 113 129 166 197 218 411 575 602 607 639 681 786 855 882 939
979 90 162 264 294 357 394 466 498 534 638 760 821 862 968
980 99 111 195 202 305 327 336 380 443 495 530 614 631 764 975
981 67 99 139 181 305 328 336 386 407 530 614 631 739 763 784 849 852 975
982 38 83 251 276 331 360 381 470 540 571 582 662 702 727 806 890
983 107 110 122 130 283 287 345 363 440 514 626 657 687 816 880 953
984 25 40 44 158 235 280 308 365 423 436 526 543 560 699 869 925
985 32 193 199 232 505 562 751 785 820 876 914
986 10 70 112 186 233 338 362 376 425 570 610 644 723 818 884 924
987 201 236 279 437 645 833 843 906
988 36 74 100 164 329 351 377 422 479 496 497 642 692 857 965
989 310 538 573 736 788
990 35 66 68 102 121 191 221 241 257 452 492 525 653 867 873 933
991 24 117 220 350 400 608 627 758 949
992 81 289 300 356 490 532 554 624 672 695 733 782 946 952
993 2 75 96 156 164 250 301 479 496 574 676 692 717 950 974
994 22 62 226 295 313 456 628 831 844 928 934
995 8 215 264 278 306 320 382 394 398 446 466 534 617 629 735 760 762 787 799 907 932
996 11 106 147 154 246 368 590 619 621 725 826 840 899 941 962 972 977
997 120 239 243 319 434 561 612 648 686 689 734 874 881 886 915 923
998 2 36 54 73 75 96 104 164 284 502 574 677 699 754 925 950
999 242 311 361 402 421 544 553 599 637 807 917 969
1000 18 64 141 182 192 267 441 477 522 565 588 597 685 711 715 766 837
