0.279200 0.020000 0.020000
0.279200 0.073333 0.020000
0.279200 0.126667 0.020000
0.279200 0.180000 0.020000
0.279200 0.233333 0.020000
0.279200 0.286667 0.020000
0.279200 0.340000 0.020000
0.279200 0.393333 0.020000
0.279200 0.446667 0.020000
0.279200 0.500000 0.020000
0.279200 0.553333 0.020000
0.279200 0.606667 0.020000
0.279200 0.660000 0.020000
0.319300 0.020000 0.020000
0.319300 0.073333 0.020000
0.319300 0.126667 0.020000
0.319300 0.180000 0.020000
0.319300 0.233333 0.020000
0.319300 0.286667 0.020000
0.319300 0.340000 0.020000
0.319300 0.393333 0.020000
0.319300 0.446667 0.020000
0.319300 0.500000 0.020000
0.319300 0.553333 0.020000
0.319300 0.606667 0.020000
0.319300 0.660000 0.020000
0.359400 0.020000 0.020000
0.359400 0.073333 0.020000
0.359400 0.126667 0.020000
0.359400 0.180000 0.020000
0.359400 0.233333 0.020000
0.359400 0.286667 0.020000
0.359400 0.340000 0.020000
0.359400 0.393333 0.020000
0.359400 0.446667 0.020000
0.359400 0.500000 0.020000
0.359400 0.553333 0.020000
0.359400 0.606667 0.020000
0.359400 0.660000 0.020000
0.399500 0.020000 0.020000
0.399500 0.073333 0.020000
0.399500 0.126667 0.020000
0.399500 0.180000 0.020000
0.399500 0.233333 0.020000
0.399500 0.286667 0.020000
0.399500 0.340000 0.020000
0.399500 0.393333 0.020000
0.399500 0.446667 0.020000
0.399500 0.500000 0.020000
0.399500 0.553333 0.020000
0.399500 0.606667 0.020000
0.399500 0.660000 0.020000
0.439600 0.020000 0.020000
0.439600 0.073333 0.020000
0.439600 0.126667 0.020000
0.439600 0.180000 0.020000
0.439600 0.233333 0.020000
0.439600 0.286667 0.020000
0.439600 0.340000 0.020000
0.439600 0.393333 0.020000
0.439600 0.446667 0.020000
0.439600 0.500000 0.020000
0.439600 0.553333 0.020000
0.439600 0.606667 0.020000
0.439600 0.660000 0.020000
0.479700 0.020000 0.020000
0.479700 0.073333 0.020000
0.479700 0.126667 0.020000
0.479700 0.180000 0.020000
0.479700 0.233333 0.020000
0.479700 0.286667 0.020000
0.479700 0.340000 0.020000
0.479700 0.393333 0.020000
0.479700 0.446667 0.020000
0.479700 0.500000 0.020000
0.479700 0.553333 0.020000
0.479700 0.606667 0.020000
0.479700 0.660000 0.020000
0.519800 0.020000 0.020000
0.519800 0.073333 0.020000
0.519800 0.126667 0.020000
0.519800 0.180000 0.020000
0.519800 0.233333 0.020000
0.519800 0.286667 0.020000
0.519800 0.340000 0.020000
0.519800 0.393333 0.020000
0.519800 0.446667 0.020000
0.519800 0.500000 0.020000
0.519800 0.553333 0.020000
0.519800 0.606667 0.020000
0.519800 0.660000 0.020000
0.559900 0.020000 0.020000
0.559900 0.073333 0.020000
0.559900 0.126667 0.020000
0.559900 0.180000 0.020000
0.559900 0.233333 0.020000
0.559900 0.286667 0.020000
0.559900 0.340000 0.020000
0.559900 0.393333 0.020000
0.559900 0.446667 0.020000
0.559900 0.500000 0.020000
0.559900 0.553333 0.020000
0.559900 0.606667 0.020000
0.559900 0.660000 0.020000
0.600000 0.020000 0.020000
0.600000 0.073333 0.020000
0.600000 0.126667 0.020000
0.600000 0.180000 0.020000
0.600000 0.233333 0.020000
0.600000 0.286667 0.020000
0.600000 0.340000 0.020000
0.600000 0.393333 0.020000
0.600000 0.446667 0.020000
0.600000 0.500000 0.020000
0.600000 0.553333 0.020000
0.600000 0.606667 0.020000
0.600000 0.660000 0.020000
0.640100 0.020000 0.020000
0.640100 0.073333 0.020000
0.640100 0.126667 0.020000
0.640100 0.180000 0.020000
0.640100 0.233333 0.020000
0.640100 0.286667 0.020000
0.640100 0.340000 0.020000
0.640100 0.393333 0.020000
0.640100 0.446667 0.020000
0.640100 0.500000 0.020000
0.640100 0.553333 0.020000
0.640100 0.606667 0.020000
0.640100 0.660000 0.020000
0.680200 0.020000 0.020000
0.680200 0.073333 0.020000
0.680200 0.126667 0.020000
0.680200 0.180000 0.020000
0.680200 0.233333 0.020000
0.680200 0.286667 0.020000
0.680200 0.340000 0.020000
0.680200 0.393333 0.020000
0.680200 0.446667 0.020000
0.680200 0.500000 0.020000
0.680200 0.553333 0.020000
0.680200 0.606667 0.020000
0.680200 0.660000 0.020000
0.720300 0.020000 0.020000
0.720300 0.073333 0.020000
0.720300 0.126667 0.020000
0.720300 0.180000 0.020000
0.720300 0.233333 0.020000
0.720300 0.286667 0.020000
0.720300 0.340000 0.020000
0.720300 0.393333 0.020000
0.720300 0.446667 0.020000
0.720300 0.500000 0.020000
0.720300 0.553333 0.020000
0.720300 0.606667 0.020000
0.720300 0.660000 0.020000
0.760400 0.020000 0.020000
0.760400 0.073333 0.020000
0.760400 0.126667 0.020000
0.760400 0.180000 0.020000
0.760400 0.233333 0.020000
0.760400 0.286667 0.020000
0.760400 0.340000 0.020000
0.760400 0.393333 0.020000
0.760400 0.446667 0.020000
0.760400 0.500000 0.020000
0.760400 0.553333 0.020000
0.760400 0.606667 0.020000
0.760400 0.660000 0.020000
0.800500 0.020000 0.020000
0.800500 0.073333 0.020000
0.800500 0.126667 0.020000
0.800500 0.180000 0.020000
0.800500 0.233333 0.020000
0.800500 0.286667 0.020000
0.800500 0.340000 0.020000
0.800500 0.393333 0.020000
0.800500 0.446667 0.020000
0.800500 0.500000 0.020000
0.800500 0.553333 0.020000
0.800500 0.606667 0.020000
0.800500 0.660000 0.020000
0.840600 0.020000 0.020000
0.840600 0.073333 0.020000
0.840600 0.126667 0.020000
0.840600 0.180000 0.020000
0.840600 0.233333 0.020000
0.840600 0.286667 0.020000
0.840600 0.340000 0.020000
0.840600 0.393333 0.020000
0.840600 0.446667 0.020000
0.840600 0.500000 0.020000
0.840600 0.553333 0.020000
0.840600 0.606667 0.020000
0.840600 0.660000 0.020000
0.880700 0.020000 0.020000
0.880700 0.073333 0.020000
0.880700 0.126667 0.020000
0.880700 0.180000 0.020000
0.880700 0.233333 0.020000
0.880700 0.286667 0.020000
0.880700 0.340000 0.020000
0.880700 0.393333 0.020000
0.880700 0.446667 0.020000
0.880700 0.500000 0.020000
0.880700 0.553333 0.020000
0.880700 0.606667 0.020000
0.880700 0.660000 0.020000
0.920800 0.020000 0.020000
0.920800 0.073333 0.020000
0.920800 0.126667 0.020000
0.920800 0.180000 0.020000
0.920800 0.233333 0.020000
0.920800 0.286667 0.020000
0.920800 0.340000 0.020000
0.920800 0.393333 0.020000
0.920800 0.446667 0.020000
0.920800 0.500000 0.020000
0.920800 0.553333 0.020000
0.920800 0.606667 0.020000
0.920800 0.660000 0.020000
0.029300 0.020000 0.020000
0.029300 0.660000 0.020000
1.170700 0.020000 0.020000
1.170700 0.660000 0.020000
0.069400 0.020000 0.020000
0.069400 0.660000 0.020000
1.130600 0.020000 0.020000
1.130600 0.660000 0.020000
0.109500 0.020000 0.020000
0.109500 0.660000 0.020000
1.090500 0.020000 0.020000
1.090500 0.660000 0.020000
0.149600 0.020000 0.020000
0.149600 0.660000 0.020000
1.050400 0.020000 0.020000
1.050400 0.660000 0.020000
0.189700 0.020000 0.020000
0.189700 0.660000 0.020000
1.010300 0.020000 0.020000
1.010300 0.660000 0.020000
0.229800 0.020000 0.020000
0.229800 0.660000 0.020000
0.970200 0.020000 0.020000
0.970200 0.660000 0.020000
